417654
417654
576974
416954
416962
417654
416954
465a41
417654
416b54
416b5d
416954
415154
416954
417654
724158
414154
416354
416754
414f65
417654
417654
417654
465a41
465a40
465a41
477758
414154
417654
416954
417654
416954
417654
417654
417654
417433
417454
416954
417654
4c3269
416954
724158
41764a
417654
536a69
414554
416954
417654
724158
417654
417654
724158
417654
417654
417654
416954
414f65
414f65
417654
417654
417654
724158
413b54
413b62
413b6c
417654
417654
417654
417654
417654
417654
417654
417654
724158
417654
413765
417654
417670
6f6945
465a41
416954
417654
316972
413e44
413e54
413854
413878
417654
417654
413354
416954
416932
41693b
416954
416954
417654
41765f
417654
417654
417654
414f65
416954
417654
417654
417657
417675
417654
416954
416954
417654
417654
414c54
414c63
417654
385d6b
417654
416954
416954
417654
417554
417654
417654
417654
413654
417654
417654
417654
417654
417654
417654
417654
38693d
477731
477758
416954
413954
724158
417654
414f65
417654
417654
416941
416954
416937
416954
417654
417654
416954
416952
416954
416954
416954
416954
417654
416948
416954
416954
417654
417654
417654
416954
417654
417654
723958
417654
724158
724158
72415b
417654
417654
417654
5f3c36
417654
417654
465a41
417654
417654
417654
416954
416954
416956
417654
417654
417654
415854
414f65
417654
417654
724158
416954
417654
416954
416958
414354
414359
417654
724158
417654
417654
413454
417654
417654
417654
724158
414f65
466936
466954
417654
417654
41767a
414854
417654
417654
724155
724158
417654
724158
417654
724158
417654
417654
414f65
416954
724158
414f65
41694f
417654
724158
416954
416959
416975
416954
417654
416954
416956
724158
417654
477758
417654
417654
476958
416954
417654
724158
414f65
724158
417654
415d54
416954
416954
724158
417632
417654
414e54
416954
417654
417654
417654
417654
724158
724158
417654
724158
417654
6a463b
417654
414f65
417654
417654
724158
417654
416954
417654
417665
416954
417654
413b54
413b64
465a41
417654
724158
414f65
414c54
414c74
417654
725047
417654
417654
417654
416954
416947
416954
417654
417654
724158
414f65
414f65
417654
536a69
417654
724158
417654
416851
414f54
414f65
417654
417678
417654
417654
416954
417654
416954
414f65
417654
417654
6f6532
414f65
465a41
306847
417654
417658
417661
416954
417646
417654
417654
416954
417654
465a41
416954
417654
417654
417654
417654
416b54
417654
417654
413854
414a54
414a6a
417654
417654
416954
465a41
724158
724158
417654
417654
417654
417654
416954
417654
416954
416954
416954
417654
414854
417654
375269
417654
417654
415a54
417654
417656
416954
415454
413f54
417654
417654
417654
417654
417654
416965
417654
724158
417654
417654
417654
41693f
416954
416954
416954
465a41
416954
417654
674273
417654
417654
417654
416954
416940
416954
417654
30533f
305364
417654
353534
6b7859
417654
416954
414f65
417654
646637
386973
417654
416954
417654
417654
414f65
417654
416954
476958
416954
465a41
417654
417654
417654
417654
417654
724158
417654
414c65
414f65
465a41
417654
417654
41766f
417654
414f65
416954
416954
414f65
417654
417654
417654
417654
417654
417654
417654
414f65
416954
416935
416954
724158
724158
416954
417654
417654
72413d
724158
414f65
477758
417654
724136
724158
313f37
416954
416954
724158
724158
417654
416954
415854
414f3f
414f65
416954
416972
5c4b54
5c4b64
417654
724158
417654
417654
417654
416954
416954
724158
417654
417654
417654
724158
417654
414f65
417654
417654
417654
413c54
724158
786d42
417654
414f65
416953
416954
417654
41733b
417354
724158
417654
417654
724146
724158
415854
417654
417654
41694d
416954
417654
416954
417654
417654
417654
417654
417654
417654
417654
416954
724158
417654
416954
62643e
414f65
417654
477758
417654
417654
41764d
417654
416954
417654
416948
416954
416954
413c54
417654
377662
417648
417654
41693e
416954
417654
417654
417654
417654
416954
414830
414854
724158
724167
417654
417654
416954
417654
415f54
415f79
417654
417654
417654
417654
417654
417654
3c694d
417654
417654
417654
416954
416954
724154
724158
417654
417654
416054
417654
625131
417654
417654
724158
417654
724158
417654
754539
754554
724158
417654
414f65
417654
414f65
415c54
417654
416954
417654
416954
416954
416954
417654
724158
417654
416954
416954
417654
417654
414f65
417654
417654
416954
417654
416954
414d54
414f65
4d6733
414f65
417654
417654
5e6954
416954
417654
417654
416954
416954
417654
416954
416954
417654
417654
724158
416954
417654
416954
416954
417654
416954
417654
417654
417654
413a54
416954
6d695a
416954
416954
417654
417654
417654
416954
417654
417654
417654
417654
414f65
417654
416954
417654
417654
416f54
724158
724158
686d4c
724158
416954
417654
417654
414f65
416954
417654
536a69
536a7a
417654
416954
417654
417654
417654
416954
417654
417654
416954
41695f
416954
416954
417654
417654
416954
416965
417654
417654
41763f
416954
417654
414654
513540
416954
417654
417654
417654
417654
416954
413554
417654
417665
417654
414f65
417654
47694a
724158
416954
417654
416954
417654
416936
416954
416954
417654
417654
414f65
417654
417654
68694a
417654
41764c
417654
417654
416954
724154
724158
416954
483e65
416954
417654
417654
724158
416954
414f65
417654
416954
417654
417654
415654
413d54
413d72
417654
414f65
414f65
416954
417654
417654
416954
414f65
416954
417654
74753e
417654
417654
724158
417654
414f65
417654
417654
417654
417654
724158
417654
416954
416954
414f65
465a41
417654
417654
417654
724158
417654
417654
417654
417654
417654
416954
417654
416954
416976
416154
465a41
417654
477758
416954
416954
416955
417654
417654
416954
416959
5a396d
465a41
416954
417654
417654
417354
417361
4b694f
4b6971
416954
7a7651
413154
417654
417654
41765b
414f65
417654
416954
417654
417654
417654
417654
416054
416954
414f65
417654
417654
415b54
724158
417654
417654
536a69
416954
417654
724158
417654
416042
416054
417654
724158
417654
417645
417654
417654
417654
417654
417654
417654
724158
417654
417654
416954
416968
417654
724158
417654
416954
5c5d3b
417654
416954
417654
41696e
465a41
417654
413454
417654
724158
417654
417654
724158
417654
41763d
417654
416954
416954
416967
417654
414f65
417654
417654
724134
724158
414739
414754
417654
417654
724158
417654
416954
417654
416954
414f65
417654
417663
417654
413358
416954
416954
417654
416954
417654
417654
417654
416954
416951
416954
416971
413e54
413e55
417654
417654
476978
417654
416954
417654
416954
417654
416954
416932
416954
41334a
413354
413751
413775
416954
416954
417654
465a41
417654
476953
41563f
415654
416954
416973
417654
417656
414254
417654
417654
417654
41693d
416954
416954
724158
724158
417654
416954
417654
416954
417654
377662
4e5649
417654
514a45
417654
417654
724158
724176
417654
414f65
416154
416174
417654
417654
417654
726958
416954
417654
414f65
724158
416d54
416d77
417654
417654
417654
417654
417654
416830
416854
417654
417636
417654
724158
417654
416954
416954
414f65
417642
41764f
417654
41767a
416954
417654
417654
417654
417654
416954
414f65
417654
417654
417654
417654
417654
416954
416954
416954
417654
4a7654
416954
413b54
413b5f
413b62
417654
413754
417654
417654
417654
417654
417654
724158
6b637a
417654
416254
41626b
465a41
415754
41576e
416954
414f65
724158
416854
417654
417654
417654
417654
414f65
724158
414f65
414f65
417654
417654
417654
536a69
536a72
477758
723058
417654
417654
417654
417654
416954
416954
4b6945
416954
417654
724158
417654
417654
414254
416954
417654
417654
413354
417654
416954
417654
413d54
413d55
414854
413c54
416954
724158
416954
417654
417654
417654
41765f
417654
417654
416954
417654
416954
416954
417654
414f65
724158
724158
417654
417654
417654
416954
41696b
417654
416954
76536c
417654
414f51
414f65
417654
417654
414e65
416954
417654
417654
416954
417654
724158
417654
417654
41475e
417654
416954
417654
417654
386968
417654
416954
417654
417631
417654
413a7a
417654
416954
416954
476958
417654
414f65
417654
417654
417634
417654
6e4a52
417654
724158
417654
416935
416954
463040
463062
417654
724147
72414c
724158
414f65
414f65
414f65
416954
416954
417654
417654
416954
417654
414f65
417654
416954
417654
417654
413954
416954
416958
417654
417654
417654
724158
414f65
417654
416954
417654
417654
413954
413958
64453e
417654
414e65
416954
417654
417654
417654
417654
417644
417654
417654
417654
417654
724158
724158
417654
416954
417654
414f65
416954
416954
417654
724158
724143
724158
417654
417654
417654
416954
416954
416954
417654
417654
416954
417654
724158
416954
417654
417654
724154
724158
783238
417647
417654
416954
417654
724158
417654
417654
417654
417654
417654
413d54
417654
416954
417654
416954
414f65
417654
61695c
417654
416954
416954
417654
417654
417661
417654
417654
417654
417654
724158
417654
413254
416954
417654
417654
417654
416954
417654
417654
416954
417654
417654
417663
417654
416954
416954
416954
416954
416958
41693c
416954
353548
414f65
417654
724158
576969
414f65
417654
416454
417654
414f65
415454
417654
4b693d
416954
413b54
413b71
417654
416954
41764d
417654
417654
417654
414749
417654
417652
417654
417654
417654
415254
41526b
417654
417654
417654
416954
417654
416954
417654
417654
417654
413f54
416354
416954
416954
417654
724158
417654
417654
417666
41693c
417654
724158
417654
417654
414854
414857
41485b
417654
416954
416954
417654
417658
417654
417654
534c54
417654
724158
724158
417654
416954
417654
417654
416954
416954
724158
414254
417654
417654
415237
415254
416954
413554
417654
417654
416954
41695e
417654
417654
417648
417654
414f54
414f65
414f77
416954
416954
417654
41694e
416954
417654
417654
417654
417654
417654
416954
417654
417654
465a41
417654
417654
413a52
413a5c
415254
415268
417654
416954
416954
724158
417654
417654
417654
417654
416954
416954
724158
417654
417654
417654
413454
417654
724132
724158
416954
417657
417654
414f65
416954
477758
417645
417654
4f5630
417654
414f65
417654
417647
417654
41765d
417654
417654
417654
417654
417654
417654
724158
724158
417654
416954
377662
416954
417654
417654
36743d
465a41
417654
724158
477758
417654
465a41
724158
416954
41696b
414144
414154
41415f
417642
417654
417654
506734
506744
414f65
417654
417654
417654
417654
4b5574
417654
417654
417654
416954
414f65
414f65
416954
416954
417654
417654
41764e
417654
416954
74563b
495965
417654
416954
417654
417654
414f65
465a41
417654
417654
416654
416673
417654
417654
414048
414054
417654
416954
673e64
414f65
417654
414936
414954
414963
414972
417654
417654
417654
417654
4b6935
4b694d
4b696d
417654
414f65
724158
417654
416954
3a6171
417654
417654
414f65
417654
417654
417654
417354
417362
417654
41766d
417654
417654
416954
724158
415f54
416954
417654
414f65
724158
724158
5c3a42
5c3a4e
416954
724158
414f65
417654
417654
555f5f
417654
417640
417654
645c78
417654
414f65
417654
57414f
416954
417654
5b4476
417654
414f4d
414f65
724158
414f65
417654
723a58
417654
417654
724158
417654
417654
724158
417654
417654
413e54
413e6f
417654
417654
416954
417654
416954
41695a
417654
416954
417654
417654
416954
417654
416954
724158
414554
6b7340
417654
416954
417654
416938
416954
414f48
414f65
417654
416954
41693c
416954
417654
417654
414f65
416954
416954
41697a
414f54
414f65
414f6c
417654
416954
417654
5f6946
5f6971
417654
416954
417654
414f65
477737
477758
417654
417654
416954
323f4a
416954
417654
416954
417654
724158
415f54
413249
413254
414f65
414f65
417638
417654
414f65
417654
417654
414e54
414f65
417654
414f65
416954
417654
416954
417654
417654
417654
41766e
723258
417654
417654
417654
417654
417654
417654
416954
417654
417654
417654
417549
417554
414f65
417654
417654
416a54
416954
417654
417654
416954
416954
417654
724158
724158
417654
414f65
416954
417654
416954
416954
417654
724158
417654
417654
724152
724158
477758
417654
417654
416954
416954
417654
417654
414f65
417654
417654
417654
413154
417654
417654
417654
417654
414f54
417654
417654
416954
417654
416954
417654
724158
3d7954
3d7974
417654
416954
416971
417654
417654
417654
414f65
417654
414f65
414f78
417654
417654
417654
417654
416954
417654
417654
416954
417654
414954
417654
416954
417654
417671
416954
417654
52793d
724158
417654
417654
417654
484759
306437
417654
416954
417654
426a4b
417654
41624d
416954
417654
417654
414a54
417654
417654
417654
417654
416954
416954
724158
416954
416954
416957
416964
417654
417657
417354
417654
417654
417654
417654
724143
724158
384946
417654
414f65
476958
414f65
724158
417654
41766d
417654
417654
417654
417654
724158
36623a
417654
724158
536a44
536a69
414f65
417654
416954
416954
417654
724158
585230
417654
416954
417654
417654
414165
416354
416954
417654
417654
417654
416954
417642
417654
417654
414f65
417654
724158
724158
417654
417654
417654
417654
417654
416954
414054
414058
417654
416954
724158
417654
414f52
414f65
417654
415254
416954
724158
417654
416954
414054
417654
414f65
416954
413f54
413f55
417654
417654
416954
417654
724158
417654
414f65
417654
417641
417654
416954
413754
724158
41763a
417654
417675
416954
415354
41763d
753032
416954
416979
417636
417654
417654
416954
417654
416954
417654
41764f
417654
417654
414f65
724158
417654
536a69
417642
417654
417654
417654
417654
417654
41394e
413954
416954
416954
417654
417654
416354
417654
417669
417654
416954
416965
417654
61654b
724158
417654
417654
417654
413a54
416954
72414d
724158
72416b
416954
417654
416b4e
416b54
417654
416954
417654
554639
417654
416954
417654
416f54
417654
724158
417654
417654
417654
416954
415a54
415a68
417654
417662
417654
414f65
41763f
417654
477758
417654
417668
724158
417654
414054
417654
417654
417654
724158
417654
417654
417654
413654
41366a
417654
724158
416954
416954
416954
41695b
416954
416954
417654
414754
416954
417633
417654
414f65
3c6952
3c6973
417654
413954
417654
416954
417654
417654
417654
724158
416954
41695b
417654
417642
417654
417654
414f65
417654
417654
416954
417654
417654
417654
417654
417654
417654
417654
416954
417654
724158
724158
417654
416954
415854
415863
417654
416954
416957
724158
417654
416954
417654
417654
417654
417654
417654
416954
417654
417654
416954
477758
417654
417654
724158
417654
417654
414154
414158
417654
417654
417654
416954
416960
416965
416954
724158
417654
417677
416354
417654
417654
363130
416454
416476
536a69
414f65
414f65
417654
416954
417654
415354
413b50
413b54
417654
417654
417654
416954
414f65
417654
416454
416954
417654
417654
416954
417635
417654
417654
417654
416954
724158
417654
417654
417654
416954
417654
417654
41765d
417654
414854
407844
417654
417654
414f65
417654
416954
416972
413654
417654
417654
417654
417654
417654
585a53
414f65
417654
7a693c
7a6961
7a6971
417654
416954
414d30
414d54
417654
416954
416954
417654
724158
417654
417654
417654
416954
416954
417654
416954
416954
414f65
417654
414554
534f65
416954
416966
415f3b
415f54
417654
417670
724158
413b54
413b56
413354
413364
724158
417654
415f54
417654
417654
41765b
417654
724158
417654
417654
416954
417654
416954
416954
41695d
417654
465a41
416954
724158
416954
417654
434542
417654
417654
417654
416954
41695c
417654
417654
774069
417654
417654
416954
417654
724158
416953
416954
417654
416954
417654
724158
417654
414854
414877
417654
417654
417654
416954
724158
416954
724158
417654
417654
414f65
413a54
417654
417654
416954
417654
414f65
477758
416954
417654
724158
417654
417654
417654
417654
417654
417654
417654
724158
414854
417654
417654
417654
414f65
417654
414f65
417630
417654
417654
416954
417654
417654
416954
465a41
69463e
413654
417654
417654
417654
41765e
41766f
417654
414f65
413854
72414d
724158
417654
417654
417654
417639
417654
417654
417654
417654
417654
33513a
417654
416552
416554
416954
417654
416154
41764a
417654
417654
415537
415554
5f4854
5f4879
417654
41733f
417354
44694c
44695a
417654
417654
416954
417654
417654
416954
417654
417654
417654
417654
416954
414454
417654
465a41
414f65
417654
417654
417632
417654
417654
413854
413857
416654
416954
724158
417654
416954
416968
417654
417654
417654
416954
417654
417654
417654
417654
417654
486947
417654
724158
416954
724158
416954
417654
417654
417654
417654
417654
416954
41695d
587042
587061
417654
724158
417654
417654
417654
417654
417654
417654
417654
414f65
416054
41606c
417654
417654
416954
417654
417654
724167
417654
417654
414f31
416954
416954
414f65
416954
417654
41765c
417654
416954
417649
417654
417654
62693a
417654
417654
724158
724158
417654
417654
465a41
417654
416954
417654
417654
416143
416154
417654
416954
417654
5c5e5f
416154
416954
417654
416954
416943
416954
414f65
3a6949
417654
417654
417654
36694f
417654
416954
416954
416973
477758
416954
416154
417654
417654
417654
417654
723058
726958
417654
414b54
417654
417654
416939
416954
417654
417654
416d54
417654
50514c
416954
417654
41764d
417654
414f65
417654
417654
416954
414f65
417654
417654
417654
417654
417654
416554
417654
724158
417654
417672
416954
415d54
417654
417654
724158
417654
417654
416932
416954
416954
41764f
417654
416954
416963
724158
416954
417654
417654
417654
417654
724158
416954
564e5d
417654
417654
417654
417655
417654
417675
417654
417654
416654
416669
416954
417654
417654
414f65
745142
665233
724158
416954
417654
414f65
417354
417365
724158
417654
417654
417654
417654
416c54
416954
417654
417654
41763e
417654
416954
417654
417654
417654
417654
417654
416954
417654
416954
3f5c46
724158
417654
417654
416954
6f7654
417654
41766c
417654
417654
6d6971
6d6979
417654
414f65
416954
417654
416954
417654
41766f
417654
416954
724131
417654
416954
414f65
416954
417654
724158
416954
416054
724158
417644
417654
417654
417654
414f65
417654
417654
716936
416954
414454
41445e
417253
417254
417654
417654
41766d
416954
417654
417654
416b54
416954
417654
417654
417664
416954
417654
417654
41766f
417654
416954
416949
416963
506967
416954
416954
416954
465a41
465a6a
416954
417654
417654
417654
417654
417654
5a644a
416954
417654
417654
417654
417654
417654
417654
417654
417654
417654
417654
414f65
417654
416954
417654
417654
724158
417654
745a45
416954
416954
417654
417654
417554
414f65
417654
326959
417654
417654
417654
414f65
416754
414c3f
414c54
414254
414265
724158
417654
724158
417654
417654
417654
396a66
417654
724158
414f65
417654
415a54
417654
417654
417654
417654
417654
413a54
724158
724178
417654
60784c
413d54
724158
414f65
414f65
477758
676949
417654
414a65
414a6b
417654
724158
417654
386631
417654
416954
413654
724158
417654
416354
416370
417654
416954
416967
417654
724158
414f65
417654
417654
416954
3e3a5d
724158
417654
417654
724158
724169
41423a
41424a
414254
416954
724158
417654
414954
414955
414b54
417654
41765e
416950
417654
417654
417654
417654
417654
477758
417654
414f65
416954
417654
417654
414f65
416954
417654
416954
417654
417654
417654
794930
417654
417654
416954
417654
417654
417654
724158
417654
416854
414f65
724158
417654
417676
417654
416954
416954
417654
417654
724158
417654
59486c
414f65
60695a
414f65
417654
417654
417654
417654
416954
414f65
417654
724158
414f31
414f65
417654
417654
724158
417654
417654
417654
416954
417654
413444
413454
726958
417654
416954
416954
417654
416954
414f49
414f65
724158
417654
416954
417654
414f4f
414f65
414f65
417654
417654
417654
415754
41575b
416654
416954
417654
417646
417654
724158
723958
417654
417654
417654
417654
416954
416954
724158
417654
417654
417654
417654
414f65
417654
417673
417654
417654
417659
417654
417654
415254
414f65
414f65
417654
417654
417654
416954
477758
417654
415f54
415f66
417654
724158
417654
417654
734632
73463c
417654
417654
417654
417657
417654
416954
413154
477758
414f65
417654
417654
417654
417654
417654
417654
417654
417654
416954
41696a
417654
724158
416954
414f65
724158
417654
417660
414f65
416954
724158
417654
416954
416854
417654
417654
724158
417654
724152
724158
416954
416954
414444
414454
417654
416939
416954
416954
4b4a53
417654
417642
417654
724158
417654
416937
416954
417654
417654
41623e
416254
417654
417662
417654
416954
416954
417654
417654
414f65
414f65
43736c
417654
417654
417654
414f65
414f65
417654
416954
416f54
724158
417654
414f65
417654
417654
417654
414f4f
414f65
417654
417654
414e54
417654
417654
414f65
417654
416054
417654
417654
416954
417654
724158
724158
465a41
414f65
417654
416936
416954
414f65
416954
724158
724174
417654
417654
416954
416954
414f65
416654
416954
417654
417654
413e49
413e54
417654
417654
416954
724158
724158
417654
417654
41766f
417654
417654
417654
416954
41696e
41764c
417654
417654
435a5e
417654
417654
414554
417654
417677
417654
41763b
417654
417654
417654
417654
416954
787a65
724158
416954
414f65
417654
416954
416954
414f65
417654
417654
724158
417654
417654
41765b
724158
414f65
417654
417654
417654
417654
417654
417638
417654
417654
5b6d44
5b6d47
41694d
416954
417654
417654
417654
724158
417654
416954
417654
417654
416954
417654
416954
417654
417654
417654
417654
417654
4c3948
724158
415354
417654
41734b
417354
724158
66505b
724158
416954
417654
465a41
724158
41764a
417654
416954
416954
416954
417454
41747a
414f64
414f65
416954
417654
417654
417660
417654
417654
417654
417654
414b54
414b75
414f42
414f59
414f65
417654
414f65
417654
417678
417654
414f65
416954
724158
417654
724158
417654
417654
417654
417654
724158
724176
416e3e
416e54
724158
417654
417654
724158
615c3d
416954
724158
724158
416954
416954
416967
724158
417654
444a39
417654
417654
417654
417654
416954
6d6946
724158
417654
417654
417654
416954
416954
416954
413054
417654
417654
417654
415e54
414f65
416954
417654
416954
724158
416954
417654
414e54
414e6e
724158
414f65
417654
41766d
724148
724158
417654
417654
417654
486935
417654
414f65
417654
50335d
417654
414f65
416954
417654
414f65
416954
414054
414f65
417654
416954
415454
34694a
417654
417654
416954
416976
417654
417654
416954
416954
417654
476958
416954
41697a
417654
414f65
416954
41696b
417654
4a695b
417654
417654
417654
417654
306938
416954
416954
417654
416954
417654
414f3b
414f65
417654
416954
724158
417654
417654
416954
416954
417654
417654
413454
413456
476958
476978
417654
416954
413954
417654
41694a
416954
726958
417632
417654
724158
724166
417654
417654
417654
417654
416954
6f4e6d
724158
415054
417654
417654
417654
417654
417654
416754
417654
417654
416954
416954
416965
417654
714958
415854
417654
417654
303b40
416954
416955
476958
417654
416954
417654
417642
417654
417654
414f65
416954
477758
414f61
414f65
416954
417654
6a6663
417654
417654
414f65
417654
724158
724158
415d54
417654
724158
417654
6c3e78
416954
41696c
417654
623942
467935
467954
46796f
416954
41763e
417654
416954
416977
417654
417654
724158
417654
72414a
724158
417654
416954
416954
416954
417654
417654
416954
724158
416954
417654
414465
414475
414054
417654
417654
724158
417654
417654
417654
416954
417654
417654
416954
724158
416954
724158
417654
416954
417654
417654
724158
417654
414e54
414e57
417654
416954
416972
416954
417654
416940
416954
416973
417654
416954
477758
416454
417654
417654
417654
417654
417654
417654
417654
417654
417654
417668
414f65
416954
417654
416954
417654
7a6e71
416954
75444c
416954
724158
416954
416969
417654
417654
414054
414f65
67693b
416954
417654
413354
417654
417654
415654
417654
60594f
416940
416954
417654
477758
417654
416954
41304d
413054
414f65
415854
476956
476958
417654
417654
416954
417654
414752
414754
417654
724e3a
417654
416954
417654
417630
417654
417654
41765d
417654
417654
417654
417654
414f65
414f65
416954
726939
3b6946
3b694b
417654
417654
417654
416948
416954
724158
416954
416954
41764f
417654
724158
416954
724158
416754
417654
3a4437
41764a
417654
417654
414f65
417654
724158
6c3d60
417654
41766e
41764e
417654
414f65
724158
417654
417654
417654
417654
416954
414e54
417654
723f58
724158
724158
416954
417654
417654
417658
414f65
417654
414f65
417654
417654
417654
417654
417654
416954
416954
417654
417654
417654
417654
417654
413444
413454
417654
417654
416954
416954
414f65
416954
416954
414f65
416954
776940
417654
417654
417654
416954
417654
417654
416954
416954
417654
414754
417654
655d42
655d64
417654
416954
417654
417654
417671
417654
417654
417654
686956
417654
417656
417654
724158
724158
415c4f
415c54
416954
417654
417654
417667
724158
5b6940
417654
415b54
416954
724158
413654
417654
416954
416954
413e54
413e58
413e73
417654
416954
414f54
414f56
5c6342
724158
417676
416954
416954
476958
416954
415f54
415f71
564a5f
414f65
417654
414f65
413d30
413d54
417654
416954
417654
417654
416954
417654
416954
724158
416954
413f54
417654
417654
417654
416954
724158
416954
414f65
417654
414f65
417654
417654
416954
417654
417654
414f65
417654
41765d
417654
417654
417654
416954
753e3f
417631
417654
57476d
724158
417654
626762
414354
414378
724158
72416d
465a41
414f65
417654
584d34
584d42
417654
417654
417654
416954
477758
5c5d71
417654
417654
5b3b4f
417654
417654
416954
417654
417654
416954
524142
417654
417654
417646
417654
417654
417654
724158
724158
417654
724158
417654
417654
416954
524750
417654
417654
417654
414f65
417654
417654
417654
414f65
417654
724158
416954
416954
413659
413665
417654
477758
417654
417654
417654
417654
417634
417654
417654
417654
416954
417654
417654
416954
417654
417654
416954
724158
417654
724158
416954
416954
416974
417654
416954
387444
414f65
416954
417654
417654
417654
415c54
417654
417654
417654
417654
417654
41766c
417654
417675
414f65
417654
414f54
414f65
416954
417654
41765d
6c6934
417637
417654
417654
415653
415654
415676
724158
724158
417654
417654
414f65
415432
415454
417654
417654
416954
414d53
414d54
414d68
415254
416954
417654
417654
416954
414f65
417654
416954
417654
417654
417651
417654
79644b
724158
416954
417654
724158
417654
417646
417654
417641
417654
724158
416954
417654
416934
416954
417654
417654
416954
414f65
417654
414f65
686968
414f65
417654
417656
417654
417654
417675
417639
417654
417654
724158
417654
416954
724158
41764e
417654
414f65
417654
417654
417654
417660
417654
417654
416954
417637
417654
724158
416935
416954
417654
414854
724158
417654
417654
417654
417654
417654
416954
416954
416654
417654
417654
414f65
414f65
417654
417654
417654
416954
417654
417654
417654
417654
724158
417654
417654
417654
417654
416952
416954
417454
41747a
417654
417654
415854
414f65
417654
417654
417654
417654
417656
417654
417654
417654
724158
724158
724158
636945
417654
417654
41693a
416954
724158
72416e
417654
414f65
417654
416e54
416e6b
416954
416954
417654
416954
416954
414654
516942
416954
417654
417654
416954
414f65
417654
416954
724158
416954
417654
413054
413065
417654
416954
416954
417654
416954
417654
417654
477758
416954
417654
417654
417654
417654
416954
416979
417654
417654
417654
416954
724158
417654
72415e
724158
414654
414671
417654
417654
416954
417654
417654
417654
5e6c3f
417654
416954
415754
415756
417654
417654
417654
724158
417654
416454
417654
724158
416954
416954
417654
417654
417654
417654
417654
417654
414a46
414a54
416954
724158
417654
416954
417654
465a41
417654
416954
417654
417654
417654
417654
417654
417654
417654
417654
416f54
415054
417654
417654
417654
416654
417654
417654
414f65
414f65
416954
417654
417654
416954
417654
424966
416954
417654
417654
417654
476958
417654
415f4f
415f54
416950
414f65
724158
417654
417655
477758
417654
417654
417654
417654
416954
724158
417654
417654
417654
417654
417654
416954
724158
477758
417654
417654
417654
417654
416954
416954
416954
417654
414f59
414f65
416954
417654
724158
415554
724158
417654
417654
416954
417654
416954
41695f
477758
417654
417654
417654
417654
417654
417654
417654
414f65
666974
416954
417654
417654
417654
417654
724158
417654
417654
41765c
417654
417654
417654
417654
414255
414265
417654
417654
414f65
417654
417654
416954
417654
416954
416954
417654
414f35
414f65
416932
416954
414f65
724158
417654
416954
417654
414f65
417654
416954
417654
416954
417654
417654
465a41
416954
416954
417654
724158
417654
417654
414f65
416954
416959
414f65
417654
416954
416954
416954
414054
417654
414f65
5c5d47
416954
417654
417654
724158
417654
417654
413173
416954
416954
417654
417654
724158
417654
414f61
414f65
417654
417654
417654
414c54
417654
416954
416954
417654
416954
724158
3a755a
724158
724169
416932
416954
417654
416954
417654
414f34
414f65
416954
417654
465a41
417654
417654
417654
416954
416959
416954
417654
724158
416954
724158
72415e
416954
417652
417654
417654
724158
417654
417654
416954
416954
724158
414f65
414f65
417654
417654
416941
416954
416962
724158
595d7a
417654
416954
416958
5a6975
417654
724158
417654
416954
417654
3f746e
417654
413465
643f6a
474c4e
474c58
417654
724158
417654
416954
417651
417654
724158
417654
3e693d
417654
417654
414f65
417654
417654
41344d
413454
417654
416954
417654
416954
326933
417654
417654
417654
416954
416954
724158
417654
724158
417654
417675
417654
416854
536a69
417654
417654
724158
417654
724158
724158
417654
416954
416954
417654
417654
417654
417654
417654
415e54
414f65
724145
724158
416954
416975
417654
416954
416943
416954
416974
417654
417654
413854
417654
413954
413979
724158
414554
416954
724158
416947
416954
417654
417654
417654
417654
417654
6e6954
416952
416954
416954
417654
724149
724158
413154
414054
793275
417654
417654
414f51
414f65
724158
724158
724158
417654
416954
417654
417654
416954
416954
417654
414f65
417654
414f65
416954
414f65
417654
6a7836
416954
417654
416954
416955
417654
414f65
414f65
417654
417654
417654
414f65
417654
417654
417654
414f65
373c65
493f55
417654
414f54
414f65
767654
417654
417654
416954
417654
416954
417654
417654
417654
414f65
417654
416954
417654
416954
416954
724158
416954
715658
416954
724158
417654
417654
724158
416954
417654
417654
417654
724158
417654
417654
417660
417654
416954
416954
417654
414f65
417654
414654
417654
416954
416954
41696d
724158
416954
416954
417654
417654
417654
417654
724158
416954
414a54
417654
724158
413039
413054
465a41
417654
417654
417654
414f65
416954
417654
416954
414f65
414f65
416954
417654
417654
417654
417649
417654
415554
417654
417654
417654
417154
417654
417654
416954
41696d
416954
417654
413f54
413f74
417654
417654
416954
416954
417654
417654
416954
417654
5b396f
417654
417654
417654
416954
417654
417654
417654
417654
724158
417654
417654
414f65
414f65
724158
417654
413a54
417654
417654
415554
724158
417639
417654
416054
41607a
724158
417654
724158
416954
417654
416954
417654
417654
417654
417654
417654
416954
724158
417654
477758
417654
417654
417642
417654
416954
417654
417654
417654
724158
417654
416954
417654
417654
416948
416954
417654
416754
417654
417654
416954
416954
417654
72414b
724158
417654
417672
416654
416954
414f65
724158
417654
415754
41575e
416954
724158
724143
724158
417654
417664
417654
417654
414054
414f65
417654
416954
416954
417631
417654
52405f
417654
414454
416954
416354
416954
724158
417654
417654
414f65
416948
416954
417654
417654
416954
416954
724158
417654
417654
416954
417654
417654
416954
41696b
416954
724158
416954
414f65
417654
417654
416754
414254
417654
417655
417654
417654
724158
416954
417654
417654
414f65
414f65
417654
416954
413754
3d4e47
724158
5f6930
5f693e
416954
417654
416954
416954
724158
417654
417654
417654
417656
417654
417654
417654
417654
417654
417654
417654
417654
476958
724058
417654
417654
417654
417654
417654
413965
417654
417654
416954
416955
417654
477758
416939
416954
41697a
417654
724158
417654
417654
417654
417054
417654
417654
41767a
724158
417654
417654
414f65
417654
417654
417654
41765a
417654
417663
583950
716953
71696f
417654
417654
414f65
416954
416954
41695d
724158
417654
417654
417654
724158
416954
417654
417654
413b54
5a486f
5a4878
416140
416154
416161
417654
417654
417654
416954
3c6967
416954
417654
414f65
416954
416954
417554
723052
723058
72306f
417654
414f65
417654
414f65
724158
417654
414954
724158
414f65
5f694c
5f6960
417654
416954
416954
403c64
417654
417654
417660
417654
41766c
417254
417654
417654
414f65
414f73
417654
417654
417654
417654
414f65
5a5e49
416954
724158
416954
417654
417654
5e6968
416954
414f65
724158
417654
417664
417654
417654
416954
417654
417654
417654
417665
417654
417654
416954
724158
724161
416854
417654
417654
417654
417654
417654
414754
724158
417654
41696c
416970
417654
417654
417654
417654
417654
417654
416854
41764b
417654
417654
417654
417654
417636
417654
417654
417654
41766a
416954
416954
416954
417654
724158
417654
5e664f
417654
417654
417657
417654
724152
724158
724171
417644
417654
417677
417654
383b64
383b73
417654
416954
417654
417654
417654
416954
416968
41694b
416954
417654
417654
416954
413154
41655a
417654
417654
724158
72415c
417654
417662
413754
413762
414854
475d58
417654
416954
724158
417654
417654
417654
417654
416b54
417654
417654
417654
3b6f52
724158
417654
417654
417654
417654
417654
724158
417654
417654
417654
416954
416954
41696a
417654
417654
417663
417654
416954
724158
724158
724158
413d65
413d77
417654
417654
416954
413554
417654
417654
41696c
417654
416954
417654
666944
414f65
416954
417654
72414e
724158
724169
417632
417654
413454
416954
724158
416954
417654
417654
417654
417654
417654
417654
417654
41765f
417654
414f65
417654
557441
415754
724158
417654
417654
417654
417654
416954
48695f
417654
724158
416954
417654
417638
417654
417654
417654
416954
416954
417654
417654
417654
416954
417654
724150
724158
724161
465a41
416954
416954
417654
416954
417654
417654
724158
417654
417654
417640
417654
724158
417654
417663
417654
417654
724158
417654
417654
417654
417654
417654
724158
516954
417654
417454
417654
417654
414d54
414050
414054
414058
413a54
413a71
416954
5c5d5a
417654
417654
417654
41765c
417654
417654
417654
417654
724158
724158
416954
415754
417654
417654
414f3c
414f65
417654
597654
417654
417654
417654
414854
416954
417654
724158
417654
417654
417654
417654
724158
416954
724158
41763e
417654
414f65
417654
416954
417654
724158
414f65
414754
417654
417654
724158
417654
416954
417654
417654
417654
414f65
417641
417654
416954
413554
417654
417654
416954
417654
414f65
724158
417654
414f65
416954
724158
417654
417654
417654
417654
414f65
414f65
417654
417678
416954
417654
417642
417654
417654
417654
417654
416954
417654
416954
417154
417654
417654
417654
414f65
414854
41486a
417654
41765d
415854
416954
417654
417654
6b7038
6b7058
417654
416954
416954
416954
417654
417654
417654
413c54
417654
724158
417654
414f65
417654
414f65
417654
416954
416954
417654
417654
417654
414f65
417654
416954
414f65
414f65
417654
417654
416954
417654
417654
417654
413254
417654
413154
306964
306977
417654
417654
417654
6f4d33
416954
416954
414f65
414f65
416954
417654
417654
414f65
417654
415d54
417654
417654
416954
416970
724158
416954
417654
414f65
724158
415954
415958
416954
416950
416954
416954
3e596b
417654
417654
724147
72414f
724154
724158
417633
417654
416954
415e54
416954
477758
417654
417654
417654
723e58
416954
417654
416954
416954
417654
417332
417354
416954
417648
417654
724158
72416a
416947
416954
417654
417654
417654
417654
417654
417654
416954
416954
477758
724158
417654
417654
414765
414779
417654
414f65
416954
417654
416954
41696f
417654
417654
417654
416954
416973
416954
417654
417654
417654
415250
415254
417654
417554
417654
417654
4c565d
417654
417654
417654
417654
413154
416954
417654
417654
417654
417654
414f65
416954
414f39
414f65
417654
41765f
417654
417654
417654
417654
417654
417654
416954
414f65
417654
414b40
414b54
416954
417638
417654
634a69
417654
416954
416f54
416954
415f54
416054
416954
417654
424d74
417654
417658
414f65
417654
417660
417654
417654
414434
414448
41444d
414454
41446f
417654
724158
415f54
417654
417654
417654
417654
417654
417654
417654
417654
724158
416954
417654
414f65
413754
417639
417654
417654
417654
417673
417654
417654
417654
416949
416954
416954
416974
417654
416c54
417654
416954
417654
414f65
724158
417654
6c6931
477743
477758
466941
414f65
414f5b
414f65
417654
416954
414f65
416954
414f44
414f60
414f65
417654
416954
414f65
724158
417654
414354
4f384a
417654
724158
416954
417654
417654
417654
6e6931
417654
41393a
413954
417654
416954
416e54
416e62
417654
416954
413e54
414f65
417654
414f65
417654
415354
417654
417654
417654
414f65
476958
413350
413354
41764d
417654
416954
416965
417654
416954
416977
416954
414a45
414a4f
414a54
416954
416972
416954
416971
414354
417654
417654
417634
417645
417654
417654
477758
417654
724158
413154
417654
417654
72433f
724357
724379
417654
315737
315754
417654
416954
41696f
417654
417654
417654
416954
416947
416954
417654
417654
417654
416954
417654
416954
413f54
414f65
5c5d54
416154
416178
414f65
416954
416954
416954
416954
414a34
414a39
414a54
417654
417654
724154
724158
417654
417654
414254
3e3665
3e3668
417654
724158
413053
413054
417654
417668
417654
724158
417654
6a6944
6a697a
417654
41694b
416954
417654
417654
417654
417654
413065
417654
417648
417654
417654
724158
414f65
416654
415b54
417654
416954
417654
417654
417654
31695b
316964
477755
477758
417654
414f65
724158
477758
417654
417654
41765f
417654
415854
417654
414f65
417654
724158
72416c
417654
414f65
416954
724158
416954
416939
416954
417654
416c39
417654
417654
417654
417654
414f65
417654
726958
416954
54694f
724158
416954
417654
417654
417654
477758
416654
416954
417654
414f65
417654
417654
417654
417654
72413a
724158
417654
416948
416954
416954
416954
417654
414f65
413354
417654
417654
417654
417654
416954
417654
417654
724158
417654
417654
416954
413e54
416954
417654
417639
417654
416954
417654
417654
417654
35693b
416954
417654
414f65
417654
417672
416937
416954
417654
477758
414f65
724158
414f65
723d46
723d58
417650
417654
417654
415049
415054
415066
41507a
417654
417662
416936
416954
724158
417654
416954
416954
415f54
417654
416954
417654
414f65
417654
417677
417649
417654
3f6f71
716e42
417654
417654
724158
417654
416954
416954
3f4e30
417654
473738
473744
473758
417654
417654
416954
417654
417654
41764e
417654
416954
465a41
417654
414f65
416954
333b62
416945
417654
724158
414f65
417654
724158
724158
417654
417654
414f65
417654
417654
416954
724158
41626c
416954
417654
417654
465a41
417654
416854
416855
724138
724158
417654
417654
417654
417654
416954
417654
417654
417654
417654
416954
544e65
417654
414f65
416954
417645
417654
6e3642
416954
416954
417654
417654
417654
4f695b
417654
417654
416954
417654
416954
417654
416954
416954
417654
416954
417654
414f65
417654
326962
416954
416954
417654
417654
684b33
416954
416954
417654
417654
416954
417654
417654
724158
417638
416954
417654
414f65
724158
417654
416954
413734
413754
416954
416965
416979
414f65
417654
417654
416954
416954
387379
417654
417656
417654
417677
417654
724158
417654
723058
417654
724158
724158
416954
417654
416954
417654
416c54
477737
477758
416954
416954
416954
417654
417654
417654
417654
416954
727844
417654
417654
417654
416954
724158
417654
417654
417654
417654
417654
724158
417654
417654
41765e
416954
41693c
416954
417654
417654
416954
417654
416954
417654
415630
415654
417654
416954
417654
414954
416950
416954
41697a
413154
417654
3d726d
736955
736965
724158
417654
414f65
414f66
417654
414f65
414f65
417654
724158
417654
724158
417654
417654
724158
417654
417654
417654
416954
724158
417654
413654
416940
416954
416959
724158
414f44
417654
724158
724158
724158
417654
416954
416954
41695c
417654
417654
417654
417644
417654
397451
417654
414f65
31695c
417654
417654
465a41
415f54
415f77
416954
417654
417654
416954
417654
417654
724158
72415a
724158
367860
416954
417637
417654
417654
416954
417654
416954
417654
417654
417677
536a69
417654
417654
417647
414354
417654
416954
417645
417654
417654
416954
414f65
417654
416954
416954
41695d
417654
416954
417654
417654
417654
417654
724158
417654
417654
403034
403070
417654
416954
414f65
416965
417654
724158
72416d
417654
724158
416954
417654
414f65
417654
72413a
724158
416954
417654
417676
417654
416954
417654
417654
724158
466466
417654
747448
417654
417654
724158
724158
417654
724158
724158
417654
417654
417654
413754
417654
417654
417654
417654
724158
417654
416954
417654
416954
417653
417654
41766c
417654
414f65
417654
416954
417654
724158
417654
417654
417654
413c48
413c54
416954
417654
416954
417654
417654
416942
416954
414f65
416354
417654
417677
417654
417654
416954
417654
414f65
417654
417654
417654
477758
414f65
724158
724166
417654
417654
416971
416954
413454
413459
417654
417654
417654
416954
417654
413954
41395c
413966
416954
416054
724158
414f65
417654
6e3f52
417654
416954
6c405b
6c406f
416954
417654
417654
417654
41765e
416554
416560
417654
417654
414754
606933
417654
414b54
414f65
417654
417654
724158
417654
724158
417654
417654
417654
416954
414f65
417654
5e6968
417654
41766b
417654
414454
417654
416954
417654
724158
724158
417654
416954
417654
417654
417654
417654
417654
417654
417654
417654
415254
415275
417654
416954
417654
417665
414f65
416938
416954
416954
416965
417654
417654
416954
416954
417654
415f54
417642
417654
414f65
417654
413754
417639
417654
417654
405247
417646
417654
417654
417654
415337
415354
416954
417654
413f54
413f78
417654
416954
416954
417654
414f65
416954
414f65
414f65
417654
357879
417654
724158
417654
41763b
417654
746e7a
416954
416954
416954
413e54
417654
417654
417654
417654
41765b
417654
417654
417654
417654
417654
414f65
416954
416954
724158
416954
417654
417654
41765c
417654
415136
415154
417654
416954
583e5b
417654
416954
417654
417654
417654
414e54
414e57
416954
465a41
417654
41766a
414f65
416954
417654
416954
417654
417654
416054
724158
416954
417654
416954
417654
416954
416976
72413c
724158
5c3147
417654
417654
417654
417654
417654
416954
417654
417654
417654
724151
724158
417654
414f65
416d54
417654
417654
417654
417654
416954
416954
414f65
417654
416954
3b695e
3b6979
417654
417659
417654
417654
417654
417654
414f65
417654
41765c
724158
724158
41765d
417654
724158
417654
417654
417654
416954
476932
417654
417654
417633
417654
417654
724158
417654
417654
417654
416954
417654
414f65
416954
417654
417654
417654
416954
416959
3a6551
417654
416954
416954
477758
724158
416954
416954
417654
417654
414f65
417654
724158
416d54
416d5a
417654
416254
41625a
417654
417654
416154
417654
417654
417654
417654
477758
416954
416954
417654
416954
417654
417654
417654
417654
724158
417654
417640
417654
417671
417654
414f65
414f65
414f65
416954
414f65
416954
416954
417654
41654c
416554
417654
417654
417654
417654
416954
414b54
417654
417654
417654
3b3760
417654
416954
416964
417654
416954
416954
414f65
416954
417654
416954
417654
417654
417654
416954
64696b
417654
416954
417654
417654
796961
724158
414f65
417654
416954
465a41
417654
414854
416954
416954
417654
417654
416954
414f65
417654
724158
417654
416954
415737
415754
415154
417654
417654
416954
414f65
415854
416954
417654
416954
416354
417654
417654
417654
417654
417654
417654
417654
405e5d
415854
416954
414154
414176
724158
417654
417654
724158
416554
414654
41694a
416954
414f65
417654
417654
416954
336164
417654
414f65
414f65
417649
417654
416954
413954
417654
417654
465a41
416954
41764c
417654
484e37
484e44
417654
416954
417654
416954
413a3e
413a43
413a54
414f65
417654
414454
417654
47537a
417654
417648
417654
416954
414f65
413654
336932
414f65
724158
417654
417642
417654
417676
416954
417654
416954
68613e
417654
414f65
416954
724158
416954
416950
416954
303a70
415254
414f65
417654
477758
57783d
57787a
417639
417654
417654
417654
416954
417654
41764e
416954
416954
417654
417654
417654
417654
724158
416954
416954
417654
416954
417654
416c54
416c55
4e6932
416954
417654
417654
414f65
417654
414a54
416954
417654
417654
724158
416054
417654
417654
417666
417654
724158
417654
417654
627353
416954
416954
7a5f55
7a5f6a
7a523e
7a5254
417654
417654
723043
723058
417654
417672
417654
416951
414254
477758
417654
417669
414254
414276
417654
416954
417654
724146
724158
63326d
416954
417654
724158
417654
416954
417654
414f65
365334
416954
414f65
566946
417654
416954
41694f
416954
417654
414554
414567
724158
417654
416954
416954
417654
417654
417654
417654
416934
416954
417654
724158
417654
3c6a3a
417654
41673b
416754
417654
417654
416954
417654
414f65
476940
476958
417654
417654
776860
417654
416954
417654
724158
416954
417654
417654
416947
476958
417654
417654
416c54
724158
417654
416954
415354
415370
477758
417654
417644
417654
5f5c5a
416954
634832
634833
417654
417660
416954
416954
417654
414f65
417654
477758
416954
417644
417654
416954
417654
416954
724158
416955
417654
416954
414f65
417654
417659
416954
417654
416954
417654
724158
417654
417654
414f65
414354
414375
417654
417675
417654
417654
417654
414f65
414f69
417654
724158
416954
416954
413754
417654
417662
417654
417654
41763d
417654
416954
416954
414f57
414f65
417654
417654
724158
417654
416954
417654
417654
414f65
417654
417654
417654
417654
416954
417654
416954
3b6933
416937
416954
416954
417654
416954
417654
417654
414f65
416938
416954
414f65
416954
416954
417654
433f3d
433f5a
417654
724158
414f65
417654
415f54
5c6965
417654
724158
416954
417654
4b6971
414165
417654
417654
417654
724130
724158
417654
417654
416954
417654
417654
416954
416950
416954
416954
724158
417654
724158
417654
417654
417654
416954
417654
416954
417654
414f65
417654
416954
416954
416954
417654
724158
417654
416954
417654
724158
416954
416935
416954
774d47
417654
417654
417654
416931
416954
41696b
417654
416954
417654
417654
724158
416954
417654
477758
417654
417654
417654
526d3e
724158
417654
416954
417654
415147
415154
414f65
417654
416954
417654
417654
417654
724158
416970
417654
417654
415b54
417654
417654
417672
416954
414f65
417654
417654
417650
417654
417654
417654
416846
416854
417654
413b54
417654
414f37
414f65
414f76
417654
417639
417654
417654
416954
417654
417654
416954
724158
724158
416954
413c54
416954
416954
417654
417654
417658
417654
416954
414f65
724158
417654
724158
416954
415c54
415c71
417654
417654
417654
474031
47406e
47407a
416954
416954
417654
414f65
414c54
417654
417654
417654
417654
417654
414f65
417654
417654
724158
417654
416954
414f65
434f31
434f65
434f7a
417654
417654
417654
417654
417654
416948
416954
41695c
416954
416954
416954
41563f
415654
415672
417654
417654
417639
417654
417654
417654
416954
417654
417654
417654
724158
476958
417654
416954
416968
417654
71416b
505054
413f54
724158
4a6230
416954
417654
416954
306949
414f65
417654
416954
415b54
415b7a
417654
724158
417654
417654
477758
416954
724158
417654
417654
416954
416954
416954
417654
417654
417654
417654
724158
416954
417654
724158
4a6e5c
4a6e5d
417654
417654
417654
416954
415a54
417654
414f65
417654
417654
417677
417654
41763b
414f65
417654
417672
417654
416a54
417654
416954
416954
614d58
417654
724158
416d54
416954
417654
666a54
417654
417654
417654
724158
68693b
68697a
417654
417658
466937
417654
417654
417654
417654
724158
416954
414f65
414f61
414f65
416954
417654
417654
417654
416954
416968
416954
417654
417654
417654
417654
417654
417654
417654
417654
724158
417654
417654
416554
724158
724158
526969
417654
416954
417654
417654
417654
417654
417654
343a74
414f65
417654
417654
416954
416954
416954
417654
417654
417654
676970
416954
417654
417654
416454
417654
417654
417654
417632
417654
417654
417654
417654
417654
724158
417654
417654
417654
416954
417654
417654
414f65
724158
417654
417654
417654
417654
417654
414f65
417654
417654
4d3e65
416954
416954
417654
416954
724158
416954
417654
417654
414f65
724158
414f65
416954
416977
416954
416954
417654
417654
417654
417654
724158
416954
415754
417654
41764f
417654
416952
416954
416967
417654
417671
414f65
417654
417654
417661
416954
414f65
417654
417654
724158
417654
417655
41766b
417654
724158
417654
417654
416954
417654
417654
417654
414f38
414f65
514d46
417654
417654
41694c
416950
416954
41696a
417654
416954
415e54
417654
724158
415761
415774
414f65
417654
416954
417654
416954
474658
417654
414f65
724158
416954
416978
45696d
416954
417654
417654
413254
417654
41454d
414554
724158
416954
417654
417654
724158
417654
724158
416554
417654
724158
417654
416551
416554
724158
724163
417654
417654
417654
414f65
417654
417654
416954
72695b
417654
417654
417654
416954
724158
724158
52314f
417654
417654
417654
417654
416954
417653
417654
417654
417654
417654
416954
416954
416954
41696e
417654
417654
417654
417654
416954
417654
416954
417654
416954
615370
415854
416654
417654
417654
416954
417654
417654
417654
417633
417654
416954
417654
417654
417654
417654
724139
724158
416954
41695c
417654
416954
417654
41693c
414454
41446a
417654
724158
417654
416954
417654
417654
724158
414154
414158
633e34
417654
417654
417654
416954
417637
417654
416954
417654
417654
416954
417654
413954
414f65
417654
417654
417654
41695a
417654
417654
417653
417654
415f54
417654
576933
417654
414054
414073
416954
724158
724165
417654
414f65
417654
685137
416954
417654
417654
417654
724158
417654
413445
413454
413459
724158
417654
416954
724158
416d47
416d54
413f54
416954
416969
417654
417654
416954
417654
417654
416954
45694d
45696b
414f65
414d54
417654
417668
414b41
414b54
417654
417654
41694b
416954
416965
465a41
41694c
416954
417654
416954
417654
724158
417654
417656
417654
417654
476958
416854
417654
417646
417654
414f65
417654
417654
414f65
414f65
417644
417654
417654
414a54
414a70
413154
414f65
417654
416954
414f65
417654
417672
417654
416954
417654
724158
416954
417654
417654
417654
417654
416954
415354
417654
416954
416954
417654
414f65
41693a
416954
417654
417654
417654
414f65
417654
417654
417678
414d65
414d70
417649
417653
417654
724158
414654
417654
417654
417654
724158
417654
417654
417654
416954
417654
417654
41693a
416954
417654
453333
416954
416754
416759
696373
41763b
417654
417654
417654
686959
416954
417654
416954
417654
416953
416965
414f46
414f54
414f65
416954
417654
417654
417654
417654
417654
416954
414f65
416949
416954
417654
416954
417654
417654
417654
417654
417654
414f65
417654
346639
724158
37695c
376965
416954
476958
417654
416954
41694f
416954
413454
416954
724158
417654
417654
417654
417654
417654
736938
417654
416954
414f65
416954
417654
666958
417654
416954
7a7853
416954
724154
416954
637679
417654
417654
417654
417654
724158
416954
41695b
417654
417654
365770
413f65
414f65
724158
67313b
415e68
417653
417654
414a65
417654
4e6937
4e693b
417654
41765f
417661
417654
724158
416933
416954
416974
415c36
415c54
417654
41693d
416954
416954
414f65
417654
417654
417654
417654
416954
417654
417654
417654
417654
417670
416954
417654
417654
417654
415454
41545b
415463
417654
417654
724158
417654
417654
415239
415254
417654
6e6965
417654
416954
416972
39695e
39696d
724158
416954
417654
417654
417654
41766b
417654
414f34
414f65
417654
417654
417654
417654
417654
417654
416954
414f65
724158
416954
414f65
724158
416934
416954
417654
62694a
417654
416954
417654
417654
417654
416954
417654
416954
417654
473758
416954
554935
417654
417654
417657
417654
417654
416954
417654
413954
413966
417654
417654
724158
416954
417654
417654
417654
417654
417654
417654
417672
416954
417654
416954
417654
414354
414354
417654
417654
416954
417654
417654
415254
417654
417638
417654
417654
416954
416954
417654
473654
473658
417654
417654
417654
417654
417654
417670
417654
724158
417654
417654
416941
416954
417654
417654
416930
416954
417654
724158
417654
41765a
417654
416954
417654
417654
755938
417654
416954
41694d
724158
724165
417654
417672
613b3c
416954
417654
417654
68555e
685f4d
685f6a
417654
724158
416954
417654
417654
414254
477754
477758
416954
456c68
456c6d
465a41
465a74
417654
416954
417654
416954
417654
417654
417654
413f54
417654
417654
416954
417654
473558
75796e
417654
414f65
417654
417654
417654
417654
416954
414f65
417645
417654
417654
414f65
414f65
417654
477758
415354
417654
417654
416954
417654
417654
417654
723d54
723d58
417654
417654
417654
724158
417654
417654
416954
417654
417654
417654
417654
417654
414f65
417654
416954
417654
417654
414f65
414435
414454
417654
417666
414f65
416954
724158
413054
417654
417654
416954
417654
413854
417654
417654
417636
417654
417654
417654
414a54
417654
41765f
417654
417654
724158
416954
724158
417654
417654
4f693c
4f6968
4f6972
417654
417654
416954
724158
72416f
416954
354757
417654
416954
413c54
417654
417654
416954
417654
417654
416039
416054
417654
416954
724158
417654
417654
416954
417654
416954
413c54
413c5f
417654
417654
417654
414031
414054
417654
417654
417654
724158
417654
417654
416954
417654
416954
416954
417654
417639
417654
417654
417654
416954
417654
417654
416954
416954
417654
414f4a
414f65
417654
417654
417654
417654
416954
417636
417654
417654
417654
416954
413f54
413f79
417654
724158
417654
414f65
417654
416954
414f65
414f6e
417654
724158
414f56
414f65
417654
41694b
416954
417654
41765e
417654
417657
416954
417654
417654
414f65
417638
417654
417654
417654
417654
724158
417654
417654
414f65
413e54
4a475e
417654
415d54
417654
417654
41765c
417654
416954
417654
417654
413353
413354
416954
417654
416954
615542
615549
417654
417654
417654
417654
417654
417654
417654
417654
416954
356035
724158
417654
417654
417654
416954
417654
416954
417654
3f696d
416954
3b6977
416954
416954
417654
414f65
417654
414f65
417654
417654
416933
416954
417654
414f65
417654
417654
416954
415937
415954
583468
417654
417654
417654
416954
417654
414f65
417654
724158
72416c
413654
417654
417654
417654
414c54
414c5f
416954
724158
416954
416954
417648
417654
414f65
724158
417654
416954
416956
416974
32543e
417654
416354
417654
416954
417654
724158
417654
417654
417654
3a695c
417645
417654
416954
417654
417664
416e54
417654
414f65
417654
417654
417654
417654
414f65
416954
415e54
41704f
417054
417654
5c5d42
417654
417653
417654
417654
417654
414f65
417654
416954
416954
416954
417654
416954
417654
416954
724158
724158
536751
724158
416954
706959
417654
417677
417654
416954
414354
417654
477758
416954
416954
414f65
417654
724148
724158
416c54
416954
417654
417659
724158
417654
416954
417654
724158
417654
417654
417654
41765d
413b54
417654
72413b
724156
416954
41696d
417654
417674
5d6942
5d696a
414f65
373037
41766a
416954
417654
417654
417654
416954
416966
417654
417654
416954
417654
417654
416954
417654
724158
416954
416975
417654
724146
724158
417654
416954
41693e
416954
417637
417654
417654
416954
414f54
417654
586933
724158
417654
417654
417654
416931
416954
724158
6d6944
416954
414f65
417654
417654
724158
417654
416954
41696b
416954
72413b
417654
4f385a
417654
417654
6d6951
6d695e
416938
416954
416931
477758
417654
417654
417654
416954
417654
724158
724158
416b54
416954
416954
416966
417654
414f65
414f77
417654
417654
417654
417654
445e59
417654
416954
417645
417654
414f65
417654
417654
724158
64776c
64776f
414f65
416954
724158
417654
417654
734f63
415254
416954
415154
41515d
415454
417654
417654
724158
416854
416954
59634d
416954
417654
417642
417654
416954
416954
417654
724154
724158
416954
415654
416954
756946
416954
417654
416954
416969
416954
417654
416960
417654
417654
417654
417654
686149
416954
41763a
417654
724158
417654
417654
417654
417654
41766d
417654
724158
724158
724168
724158
415d54
417654
417654
417654
416954
417654
417654
417654
416954
417654
417654
417654
417654
417654
417654
414f69
417654
414f65
417654
413754
416954
414d54
795270
417654
414f54
414f72
417654
5c6949
576952
414f65
417654
724158
416954
416f54
416f67
417654
417654
724158
416954
345a36
733f3f
417654
417654
417654
416954
414f65
417654
417654
417654
417654
417654
416954
417654
417654
417654
417654
416954
41695e
724158
417654
41766c
417654
417254
724158
417654
417654
417675
724158
416954
413c30
413c54
416954
417654
417654
414f54
414f65
62683a
417654
414f65
723758
72376f
417654
746831
746848
416938
417654
417654
416954
417654
416954
724158
554f3f
554f42
416954
417654
417654
464e41
464e48
417654
416954
417654
417652
417654
724158
4e6945
417654
417654
416954
414f65
417654
417654
416954
417654
417654
417654
415d54
417654
417654
417654
414a54
417654
417654
413154
416954
417654
416954
416954
417645
417654
417654
416954
413054
416954
416954
417654
417654
417654
417654
417654
416954
525b77
417654
417654
5b3c56
417654
417654
417654
416954
414854
417654
417654
417654
724158
417654
417654
416954
417654
416954
416954
417654
417654
416954
603c44
603c71
417654
416954
416954
417654
483f41
483f60
416954
417654
415a41
415a54
416954
477758
674658
417654
417654
41763f
417654
417654
416954
416954
416663
416954
416954
417654
416954
417654
416954
724158
724158
416954
417654
417654
477758
416954
414f56
417654
417654
417654
417677
416954
417633
417654
417654
416954
417654
413054
416954
417654
416954
417654
417654
416954
417654
417654
414f65
724158
417654
417654
415854
414f65
6c5453
417654
41766d
417654
416930
416944
416954
413931
416931
416964
414754
417654
416954
416954
724158
416954
413d54
465a41
417654
417654
417654
417654
416954
417654
416943
416954
416954
416954
416954
416954
417654
417654
417650
417654
416954
417654
416654
417654
414f3b
414f65
724158
465a41
41693c
416954
416954
416954
416954
417654
417654
417654
417662
417154
417172
417654
416954
417654
417654
416954
414f65
416931
416954
417654
414f65
417654
416954
417654
417654
417654
724158
416954
724158
72416c
416954
417654
416954
417654
417654
417654
416951
41695b
416960
417654
417654
417660
417654
417654
417654
417654
417654
417654
416954
414f65
417640
417654
417654
416954
417654
515d38
416954
724158
417654
416954
417654
414f65
416954
417654
414f65
413754
413761
417654
417654
417667
416954
417654
417654
416270
477758
414f65
416954
756074
417654
417654
416931
416954
417654
41554b
415554
416954
416954
417654
416954
417654
417677
417654
417654
416954
417654
416954
416954
417654
724158
417654
417654
416954
416954
416954
724158
416954
416954
417654
416954
417654
417654
416954
416956
416954
41695c
416954
724158
417654
416954
724158
413b54
724144
724158
415f54
417654
417654
417654
41766f
684b3c
417654
415a37
415a54
417654
417659
417654
417654
417654
515a52
417654
414f65
416954
417654
416933
416954
415230
415254
417654
417666
416954
417654
415354
41763c
417654
417654
417654
416b54
417654
417654
417654
417654
417654
417654
724145
724158
414740
414754
414f65
6e6961
417654
417654
417654
416954
413a54
413b54
475031
475058
475066
417654
417654
414f65
417654
476958
476959
414d54
416954
417654
417654
414154
417654
416954
417654
41765d
417654
41765e
724158
416754
416954
416954
417654
416954
417654
416954
416969
417654
673d6f
417654
413e30
413e54
417639
417654
416954
417654
414f65
416954
416954
416754
416769
417654
5b5e4f
5b5e53
5b5e54
417654
416954
416954
416963
476958
416954
724158
413154
417654
416954
417654
417654
416954
416954
417654
724158
416954
417654
724158
417654
477758
414354
416954
417654
413241
413254
417654
724158
414f65
416954
417654
417654
416954
724158
616951
416954
417654
417654
41766a
417654
414854
417654
417654
724158
417654
417654
417654
417654
417654
417654
417665
416954
417654
417654
417654
416954
417654
724141
724158
41335d
417654
415f54
72413a
41764d
417654
415a54
416954
417654
416954
417654
643b33
414f54
414f65
416954
417654
417654
417654
417654
3a4b43
417654
41764d
417654
417654
413554
417654
724158
724158
417654
416954
416973
416954
416954
415554
417654
4a6335
417654
416954
417654
416954
416954
417654
417654
417654
417654
49504f
417654
415054
417654
416954
417654
417654
417654
417654
415c54
415c76
417654
72413b
724158
72416b
724158
724171
41764f
417654
417654
414d54
417654
724158
72415d
415754
417654
41763b
417654
416954
416954
417654
416935
416954
417654
416954
414f65
417654
417654
416954
416954
477758
417654
416354
417654
473654
473678
414f65
724140
724158
417654
417654
724158
724158
465a41
417654
417654
417654
417654
416954
417654
417654
414f65
724158
724158
416954
414e54
417654
417654
417654
417654
417654
417654
417654
417654
416954
565d6c
417654
414f65
416954
417654
417654
417654
413e54
413454
416954
416954
417654
416954
565655
417654
416939
416954
417654
417654
417654
724158
723a52
723a58
417654
417654
417654
414f65
416954
417654
417654
724158
417654
417654
417654
417654
414354
417654
417654
416954
417654
414032
414054
465a41
417654
417658
417654
417654
72413b
724158
417654
41765c
416954
416954
416954
417654
477758
417654
417654
417654
417673
41767a
414754
416954
417654
417654
417654
417654
416954
416954
417654
414f65
41663b
416654
417654
417654
41765d
417654
417654
417654
417654
72303a
723050
723058
417654
417654
416954
414f65
417654
416954
417654
416954
417654
41767a
416954
414f65
417654
416954
417654
666340
417654
377662
724158
417654
416954
417654
416954
416954
41696a
417654
416954
417654
417654
41423a
414265
41693a
417654
41765d
416954
724158
417654
417654
417654
416954
417654
417654
415354
416954
417654
724158
724158
417654
414530
414554
414d54
417654
414f65
417654
416954
417654
41766e
417654
416954
417654
417654
724163
417654
416954
417654
417654
41694b
416954
416954
417654
67694b
724158
417649
417654
417654
417654
416954
417654
417654
417654
417654
416954
417654
417654
416954
416954
416954
417654
416954
723644
723658
417654
724158
416954
417654
414f5e
414f65
417654
41694d
416954
414f65
414f6b
417654
414f65
417654
417654
416954
417654
417654
417654
416954
416954
416954
417654
417654
417654
417354
417654
417654
477758
417654
417672
417654
417654
417654
417654
417654
417654
417654
417654
417654
417654
417654
417654
417654
417654
416954
416954
417654
417654
416954
417654
417654
417654
4d685c
416954
416954
417654
417654
416954
416954
417654
413f42
413f54
724158
417654
416954
417654
417654
417654
417654
417654
416954
724158
724158
417654
606953
413954
416954
416954
415f54
417654
417645
417654
416954
416954
417654
3e6940
417654
417654
416954
476958
416954
416954
417654
417654
417650
417654
417654
41693f
417654
41765d
416954
417654
417654
417654
416954
416979
417654
417654
713b35
713b49
713b4f
417654
413c54
417654
417654
417654
417654
417654
417654
417654
417654
417654
417654
724158
417654
4d6978
417654
417654
417654
417654
417654
417654
3f694e
474d60
474d6a
417654
417654
415654
415678
417654
417661
417654
417654
416954
416954
417654
416954
417654
72414b
724158
417654
417654
724158
414f65
417654
417654
417661
417675
417654
417654
417654
417654
417654
417654
417654
417654
414f65
417654
414f65
416954
417654
417654
417654
416954
415854
417654
417654
417654
664c55
414f65
414f65
417654
417654
417654
417654
417654
41763c
417654
743c5b
415154
414f65
41693a
416954
417654
724154
417654
764b71
417654
417654
415754
416954
417654
6d314e
417654
414f65
417654
416954
413d54
417654
413633
413654
417654
417654
416954
417654
416954
6b3954
417654
417654
416954
41696e
416954
417648
417654
417654
414c54
414c78
417654
417652
417654
417654
417654
417654
584e73
417654
416954
416954
3d5243
417654
417654
417654
417654
417654
417654
416954
78396c
417654
417654
373279
417654
417654
416954
417654
476958
416954
417654
415454
415354
724158
414335
414354
414f65
417654
417672
417654
416954
417654
417654
417654
416954
417654
417654
417654
417654
724158
417654
417654
416954
417654
417654
49697a
417654
416954
417654
417654
417672
417654
417654
417634
417654
417654
414f65
417654
417654
417654
417654
414f65
724158
417654
416954
417654
724158
415a54
416354
41636b
724158
724173
416954
417654
414f65
417654
414f65
41763f
417654
417654
417654
415c37
415c54
417654
413b43
413b54
417654
414f65
724158
417654
417668
417654
417654
724158
417654
416954
414f65
417654
417654
417654
414f65
414541
414554
417654
41766e
724158
417654
417654
417654
724158
415d54
416954
416954
417654
417654
417654
417654
416954
724158
417654
41694f
417665
417654
417654
724158
417654
416954
416954
416954
416954
416934
416954
416954
3f3a3e
41554e
415554
413034
413054
417654
417654
417654
417654
417654
416954
416956
416954
724158
465a41
416954
417654
724158
724158
417654
433a77
417654
417654
417654
416954
413954
465a41
417654
416954
413e54
414f65
416a36
416a54
417654
417654
417454
417654
417654
724158
41694b
417654
417654
724158
417654
416954
417354
414f65
417644
417654
417654
416954
417654
416954
3a6963
417654
417654
417654
414f41
414f65
414f65
417654
417654
417654
417654
477758
724158
417654
417654
417654
416954
306956
416954
724158
416954
417654
416954
724158
414f65
414854
416954
414f65
417654
417654
417654
417654
417660
416954
416854
41685c
414f65
416c3d
416c54
415154
417654
417654
414e3d
414e54
417654
416954
417654
417654
416954
417654
416954
416973
417654
413a54
417654
724158
417654
417654
416954
417654
416854
416954
72414b
417654
416954
417654
414254
724158
417654
414f65
417654
465a41
416954
417654
417654
417654
417654
724158
465a41
465a62
417654
724158
414f65
416954
417654
417654
417677
417654
417654
416954
41493b
414954
417654
417654
417654
417654
417654
6d6944
417654
417654
417654
417654
416954
72697a
724158
417654
416954
41695b
416978
414f30
414f54
417654
724158
724158
417654
646962
417654
417654
414454
41763e
417654
417654
416954
41695a
724158
417654
414854
417654
416954
416965
417654
416954
724158
417654
416954
416954
417654
414f65
417654
416954
417636
417654
417654
414f65
416954
416954
417654
417654
414754
41475e
724158
414f65
417654
416954
417654
416954
416954
417654
41766d
41694f
416954
417654
416951
416964
417654
417654
414f54
417654
417654
417654
6a5046
417654
416954
417654
3b6e38
417654
417654
417636
417654
417654
417654
4d3a53
416954
417654
3c6939
417654
6e6958
416954
414f65
6e6933
724158
417654
417654
417654
417654
417654
417654
724158
416954
415954
415960
417654
41765c
417654
646637
646660
417654
414154
414168
417654
417654
416954
414f65
417654
416931
416938
416954
417650
417654
6f6532
416941
416954
417654
417654
417654
723058
5a576a
417654
724158
417654
417154
724158
416954
416954
417654
417654
417654
41693a
416954
416954
416954
417654
414f51
414f6d
417654
417654
417654
416945
416954
414f65
417654
415454
415477
416954
417654
417672
416a54
414f65
417654
723530
723558
417654
417654
416954
416954
417654
417654
417654
414854
41486b
41486e
414871
417654
417654
417654
414454
417654
416954
416954
414f65
417654
416954
41695e
417654
417654
417654
41766b
417654
724158
417654
417654
456964
417654
41764b
417654
416954
414f30
414f65
414f78
416954
417654
417654
724158
417654
417654
417654
417654
417654
416954
416954
416954
417654
724158
794237
417654
417654
454530
417654
417654
417667
415d54
417653
417654
416954
636973
416954
416954
416954
417654
5c5d62
417654
724158
417654
417654
417654
414f65
416954
417654
417654
416930
416954
415554
724158
417654
417654
724158
414f65
724158
417654
417654
414f65
414f65
364c4a
417654
417654
417654
413154
417654
414f65
724158
416554
417654
417654
417654
417671
417654
724158
417654
417654
417654
417654
417654
417654
416954
417654
416954
416954
416954
416978
414154
416954
414f65
417654
417654
72413c
724158
416954
417654
416954
416954
416954
416954
417654
416954
41697a
417654
414f48
414f65
417654
724158
415742
415754
416954
417654
724158
417654
417654
416941
416954
417654
416954
417654
71704c
417654
414154
417354
673a55
5a4c68
417654
417654
416954
417654
5c6938
414754
417654
416954
417654
417654
416954
414f65
417654
416954
417654
724158
417654
414b54
413154
417654
417654
724158
417654
724158
416643
416654
417654
724158
416954
417654
416954
416970
724158
417654
474158
417654
724158
414054
41405a
416c30
416c54
416954
724158
417654
417651
417654
417654
41766b
417654
417654
417654
417654
415d54
415d71
414f65
416954
417654
417654
416954
416954
416954
414f65
417654
724158
417654
724158
416954
416978
417654
414f65
417654
416954
417654
417654
417654
417657
414f65
417654
416954
417654
417654
414f65
414f7a
417654
724158
417654
417654
417654
416954
414f65
416954
417654
416954
724158
724172
417654
4b334d
4b3370
417654
41766e
417654
416954
416964
416854
416954
416975
724158
417654
417654
417654
417654
416954
416959
414f65
416954
417654
724158
74684b
417654
417654
417658
414f65
417654
417654
417654
465a41
417654
417654
724158
416949
416954
416954
416954
415d54
415d5d
416954
417654
724158
414f65
416954
41763b
417654
414054
477758
724158
416954
417654
416954
766b40
414535
414548
414565
417654
414f65
417654
414f65
414f66
417654
414f65
417654
416954
417654
416954
417654
417654
417654
417654
417654
417654
417654
417654
41766f
417654
724158
417654
6f6870
417654
6e696f
417654
414f65
417654
414f65
417654
417654
417654
415a54
415a79
417637
417654
417654
416954
416976
415054
417654
417654
417654
414f65
724158
417654
724158
416154
417654
477758
416954
417654
417654
417654
416954
417654
416952
416954
417642
417654
416954
416954
417654
417654
417658
417654
724158
417654
724158
417654
417654
417654
416954
417654
477758
417654
417654
416965
417654
417654
417654
417666
41767a
417654
417654
417654
417654
416954
724158
414365
416954
417654
415754
415254
417654
416954
724158
536a69
724158
417654
417654
414454
415e54
415e71
417654
416979
417654
417654
724158
417654
724158
72416d
417654
415d54
417652
417654
417654
417654
413435
413465
416954
417654
417654
417654
417647
415a45
415a54
417654
416954
416954
417654
417677
417641
417654
417654
417654
417654
417654
417674
415754
417654
417654
417654
446939
417654
417654
414f65
417654
416954
417654
417654
417654
417654
417654
416954
417654
414f65
417654
41634b
41634f
416354
417654
417654
417654
417654
417654
417654
416954
416954
416954
477758
417654
417675
414a45
414a54
414a5e
724158
417654
477758
417654
416954
417654
416954
72413d
724154
724158
724158
417654
413654
417654
417648
417654
416954
724158
416754
417654
724158
477758
417654
417654
417654
417654
416954
417654
41766f
417654
417654
417654
414f65
417633
417654
417654
417654
417679
724158
416954
417654
416954
417654
417654
476935
417654
724158
417654
417654
347754
417654
417654
417654
415654
417654
416954
416954
417654
417654
417654
416954
41696c
417654
417654
417674
417654
417654
416954
417654
417654
6c6932
417654
724158
417654
724158
417654
417654
414f65
416954
58695a
416954
417631
417654
417654
417654
724158
417654
417654
417654
41625c
615474
724158
417654
417654
416954
417654
417654
416965
414f65
417654
417654
724158
724158
415354
416954
414f65
417654
416954
417654
417679
417654
417654
417654
417654
417654
416954
417654
417654
416954
417654
414f65
416954
414c54
417654
724158
417654
416954
414e65
417654
417654
416954
416954
416973
417654
724158
414f65
724158
417654
417654
417654
417654
417654
417654
414f65
417654
417654
417654
416954
416954
416954
724158
416954
417654
417654
414f65
417654
416954
417654
417654
417654
416954
416931
416954
417654
417654
417654
417654
417657
417654
417654
417654
417654
417673
417654
417654
41766f
416954
477758
416954
41696a
6b4c44
414f65
414f65
417654
41766f
417654
417654
417654
417654
416954
724158
417654
724158
417654
417657
326b43
417654
417654
417654
416945
41694d
417654
417654
417654
41763c
417654
417654
72413f
724158
417654
4d4771
4d4776
417654
417654
417654
733836
636970
417654
724158
416954
724158
72415f
413854
417654
417654
416954
416954
417654
417654
