536e39
536e39
534d39
536e39
536e39
536e39
536e3b
536e51
536e39
675861
536e39
536e39
536e39
66694f
536e39
536e39
536e39
536e51
536e39
536e39
536e39
536e39
536e39
536e51
536e39
675861
536e39
536e39
675851
675861
536e39
536e39
536e39
536e39
534d39
536e39
536e39
536e39
536e51
536e39
536e39
536e39
536e47
536e39
56564e
565651
536e39
675861
536e39
536e39
536e39
536e4b
536e51
536e39
536e39
536e39
536e33
536e39
536e39
534d39
536e39
536e39
675861
536e39
536e39
536e39
536e39
536e39
536e39
536e39
534d39
536e39
536e39
536e39
536e39
536e39
536e39
536e39
536e51
536e39
536e39
536e39
536e39
536e39
536e39
536e39
536e51
536e39
536e39
536e39
675861
66694f
675861
536e39
536e39
536e39
536e39
536e39
536e79
536e39
533239
536e39
536e39
675861
536e39
66694f
666951
675861
675861
536e39
536e39
536e4c
536e39
534d39
534d4e
675851
675861
536e39
536e39
536e39
536e39
536e39
536e39
536e39
536e39
534d39
534d51
536e39
536e39
536e51
675861
536e39
536e39
536e39
536e39
536e39
536e39
536e39
536e39
536e39
536e39
493268
536e39
536e51
536e39
675861
536e39
536e39
536e51
536e39
536e39
675861
534d39
534d75
536e39
534d39
536e39
536e39
536e39
675861
675861
674d51
536e39
534d39
536e39
536e39
536e51
536e39
536e39
536e39
536e39
536e51
66694f
666951
534d39
536e39
536e51
536e39
66694f
777243
536e39
536e39
536e39
536e39
536e39
536e51
534d39
66694f
66694f
666951
675861
536e39
536e39
675861
66694f
536e39
536e39
56564e
565651
675861
536e39
536e51
536e39
536e39
536e39
536e39
536e39
536e39
536e51
536e39
536e39
536e39
534d39
536e39
536e39
536e39
536e39
536e39
536e39
536e39
66694f
536e39
675861
536e39
536e39
536e51
66414f
536e39
536e39
536e39
536e39
534d39
536e39
536e39
536e39
66694f
536e39
536e39
536e39
536e39
536e51
536e39
536e51
536e39
536e39
536e39
536e39
536e51
536e39
536e39
536e51
536e39
536e51
536e39
675861
536e39
53575f
536e39
536e39
536e51
536e39
675861
536e39
536e39
536e51
536e39
536e39
536e39
536e39
66694f
536e39
534d39
536e51
536e39
536e39
536e39
536e39
536e39
536e39
536e39
675861
66694f
536e39
536e51
536e39
66694f
536e39
536e39
536e39
536e56
66694f
536e39
536e39
536e39
767063
536e39
536e39
536e39
536e39
536e39
536e39
675861
536e39
536e39
66694f
666951
536e39
536e39
536e39
536e51
534639
534651
536e39
536e51
675861
534d39
536e39
534d39
536e39
675861
536e39
536e39
536e4c
536e39
66694f
675861
66694f
536e39
536e39
536e39
536e49
536e39
536e39
536e39
536e39
536e39
767063
536e39
536e39
536e39
536e39
536e39
66694f
536e39
536e39
536e39
536e39
66694f
536e39
536e39
536e39
675839
675851
675861
535b39
535b51
536e39
675851
675861
536e39
675861
536e39
536e39
536e39
536e39
536e39
536e39
536e39
536e39
66694f
536e39
536e39
536e39
536e39
536e39
767063
536e39
66694f
536e39
536e39
675861
536e39
536e39
535e39
535e51
535e72
675861
66694f
666951
536e39
536e39
536e39
536e39
767063
536e39
675861
536e39
536e3d
536e39
536e39
536e39
66694f
66694f
675861
536e39
536e39
675851
675861
536e39
536e39
536e39
536e51
675861
536e39
536e39
536e39
536e39
536e39
536e39
536e39
536e39
536439
6e4c51
6e4c57
536e39
536e39
536e39
536e39
536e39
675861
536e39
536e39
536e39
536e39
536e39
536e39
536e39
67585f
675861
66694f
536e39
675861
66694f
66694f
65786b
536e39
536e39
536e39
536e39
536e39
536e39
536e39
66694f
536e39
536e39
536e39
536e39
675861
536e39
66694f
536e39
536e39
536e39
536e39
536e39
675861
536e39
534d39
536e39
536e39
675861
536e39
536e39
6c6951
536e39
536e39
777243
777251
536e39
536e39
533839
6c6951
536e39
536e71
675861
536e39
536e39
536e39
534d39
536e39
6c694c
536e39
536e39
536e39
536e39
536e39
536e39
536e39
536e39
536e39
536e39
56564e
675861
675861
536e39
536e39
536e39
536e39
534d39
767063
536e39
536e39
536e39
536e39
536e39
536e39
536e39
536e39
6e4c57
536e39
536e39
536e39
536e51
536e39
536e39
536e39
536e39
675861
536e39
536e51
536e39
536e39
535039
6c6951
536e39
675861
675861
674d61
536e39
536e39
536e39
536e39
536e39
67583a
675861
536e39
536e51
534d39
534d51
536e39
536e39
536e74
536e39
536e39
536e51
536e39
536e51
536e39
534d39
536e39
536e39
536e39
536e39
536e39
536e39
767063
536e39
536e39
66694f
536e39
536e39
536e39
6e4c57
536e39
536e39
536e39
536e51
536e39
675851
675861
536e39
536e39
536e39
536e39
536e51
536e39
675861
536e39
536e39
536e51
536e39
536e39
536e39
536e39
536e51
536e39
66694f
675851
675861
536e39
536e39
536e51
536e39
536e39
536e39
66694f
536e39
536e39
536e39
536e51
536e39
675861
536e39
536e39
536e39
536d39
536e39
536e39
536e39
534d39
534d51
536e39
66694f
536e39
536e39
536e39
536e51
675861
536e39
536e39
536e39
536e39
536e39
536e39
536e39
536e51
536e39
536e39
536e39
536e39
536e51
536e39
536e39
536e39
536e39
536e39
536e39
536e39
536e39
536e39
536e39
536e39
536e39
534d39
536e3b
536e39
675851
675861
536e39
536e51
536e62
536e39
536e39
536e51
536e39
536e51
536e6d
536e39
536e51
536e39
536e39
66694f
536e39
536e39
536e39
536e51
536e30
536e39
536e39
536e39
675861
536e39
536e39
675861
536e39
536e51
66694f
536e39
536e51
536e39
66694f
536e39
536e39
536e37
536e39
675861
536e39
536e39
536e39
66694f
536e39
536e39
536e4a
536e39
536e51
674d61
536e39
536e39
675861
766151
766163
767063
66694f
536e39
536e39
536e39
675861
66694f
536e39
66694f
536e39
536e39
536e39
536e42
536e51
66694f
66694f
536e39
536e39
536e39
536e39
536e39
66694f
536e39
536e39
536e39
536e39
536e4c
536e39
536e39
536e39
536e39
536e39
536e39
536e51
767063
536e39
536e39
536e39
536e51
536e39
536e39
536e39
536e39
536e39
536e39
536e39
536e39
533539
536e39
536e39
66694f
536e39
536e39
536e39
536e39
536e51
536e39
536e39
675861
675861
767039
767063
536e39
536e51
675861
536e39
536e60
66694f
536e39
536e39
536e39
66694f
666951
536e39
536e39
536e39
536e39
536e39
536e39
536e39
536e39
533a39
533a6b
6e4c57
536e39
536e39
536e51
767063
536e39
536e39
5e6665
675861
536e39
536e39
536e51
536e39
536e39
536e51
536e39
536e39
536e39
536e51
536e39
536e39
536e39
66694f
675861
536e39
536e39
536e39
536e39
767063
536e39
536e39
536e39
534d39
66694f
536e39
534d39
536e39
536e39
536e39
536e39
535739
675861
536e39
536e51
534d39
66694f
536e39
536e39
536e39
536e39
536e39
536e39
536e39
536e39
536e39
536e39
66694f
675861
534d39
536e39
536e51
675861
66694f
536e39
536e39
536e39
536e51
675861
536e39
536e51
675861
536e39
536e39
536e39
675861
536e39
536e51
536e39
536e39
536e39
534d39
536e39
536e39
6c6951
675861
66694f
536e39
536e39
536e39
536e39
536e39
536e39
536e39
536e39
536e39
675840
675861
536339
536e39
536e39
675861
536e39
536e39
536e39
536e3b
536e39
675861
536e39
536e39
675861
536e39
536e39
536e39
536e63
675861
536e39
536e39
536e39
536e39
536e39
536e39
536e39
536e39
536e39
536e39
536e46
536e39
66414f
536e39
536e39
66694f
666951
536e39
536e39
536e39
536e39
675861
536e39
767063
536e39
536e39
675861
536e39
536e51
536e39
536e39
536e39
536e39
66694f
536e39
536e39
536e51
536e39
536e39
536e39
536e39
536e39
536e39
536e39
536e39
536e51
536e39
536e5c
66694f
536e39
535339
536e39
536e51
536e39
536e51
536e39
536e6c
767063
536e39
536e39
534d39
534d51
536e39
536e39
675861
536e39
675861
675861
536e39
536e39
675851
675861
536e39
66694f
536e39
536e39
66694f
535339
536e39
536e39
536e51
536e39
536e39
536e39
536e51
536e39
536e39
536e39
536e39
536e39
536e39
536e39
536e51
675861
536e39
536e39
536e39
536e39
536e39
536e39
66694f
536e39
536e39
536e39
6e4c57
536e39
536e39
536e39
536e39
536e39
536e39
536e39
664d4f
536e39
536e39
536e39
536e39
536e39
66694f
675861
536e39
534d39
534d51
675861
675861
536e39
536e39
536e51
675861
536e39
66694f
536e39
536e6c
536e39
536e39
675834
675851
675861
536e39
675861
536e39
536e39
536e39
536e39
536e39
536e39
536e39
536e39
536e39
536e39
536e39
536e39
536e39
534d39
534d4b
536e39
536e39
536e39
536e39
536e39
536e39
536e39
536e39
536e39
536e39
536e39
66694f
536e39
536e39
536e39
536e39
536e39
675851
675861
536e39
536e39
675861
533539
536e39
516e39
66694f
534d39
536e39
66694f
536e39
536e39
536e51
675851
675861
536e39
535239
675861
536e39
536e39
536e39
536e39
536e39
536e39
536e39
536e39
66694f
536e39
536e39
536e39
536e39
536e39
536e39
536e39
533a39
536e39
66694f
66694f
536e39
675861
536e39
536e39
536e39
536e51
536e39
536e39
536e39
536e39
536e52
536e39
536e39
66694f
536e39
536e51
535e39
536e39
536e51
536e39
536e51
536e39
66694f
536e39
536e39
536e39
675861
536e39
536e39
536e39
536e39
675839
675851
675858
675861
536e39
536e39
536e39
536e39
536e39
536e51
536e39
536e39
536e39
66694f
536e39
536e51
535c39
536e39
675861
536e39
536e39
536e39
675861
536e39
536e39
536e39
536e39
535739
536e39
536e39
4c7543
4c7551
66694f
675861
66694f
536e39
536e33
536e39
536e39
536e51
675861
536e39
673b35
673b61
536e39
536e39
536e39
536e39
536e39
536e39
536e39
536e39
536e39
536e39
675861
536e39
536e39
66694f
536e39
536e51
536e39
536e51
536e39
536e39
536e39
536e39
536e39
536e39
536e39
536e39
536e39
536e39
536e39
536e51
535739
536e39
66694f
536e39
536e39
536e39
536e39
536e65
536e39
675861
66694f
536e39
536e39
536e39
536e39
536e51
536e39
534d39
536e39
536e39
536e39
536e31
536e39
536e39
536e59
66694f
536e39
534939
53494b
536e39
536e39
536e39
536e51
536e39
66694f
536e39
536e39
536e39
536e39
536e39
536e51
536e39
536e41
536e39
675861
536e39
536e39
66694f
536e39
536e39
536e39
536e39
536e39
536e39
536e39
536e39
536e39
536e39
536e39
675861
675861
533439
536e39
536e39
536e51
675861
675861
536e39
533a39
536e39
536e51
536e39
536e39
536e39
536e51
536e6e
536e74
536e39
534d39
66694f
536e39
536e51
536e39
536e39
536e39
536e39
536e39
536e39
675839
675851
675861
767063
675861
536e39
674d61
675861
536e39
536e39
536e39
536e39
536e39
536e39
536e39
536e39
536e39
66694f
675861
66694f
675861
536e39
534d39
536e39
536e39
536e39
536e39
536e39
536e39
536e39
536e41
536e39
536e39
66694f
536e39
675861
536e39
536e39
536e39
536e51
536e39
536e39
536e39
536e39
536e39
675861
536e39
674d61
536e39
536e39
536e39
66694f
6e4c57
536e39
536e39
536e39
536e39
536e39
536e39
536e39
536e39
536e39
536e39
495937
536e39
536e39
536e39
536e63
536e39
536e39
536e39
675861
536e39
536e39
66694f
666951
567935
536e39
536e51
536e39
536e39
66694f
666951
536e39
536e39
536e39
767063
536e39
536e39
536e39
66694f
536e39
536e39
536e39
536e39
536e39
536e51
536e39
536e39
536e39
374b79
536e39
536e39
536e39
536e39
536e39
536e39
66694f
536e39
536e42
536e39
536e51
66694f
536e39
66694f
536e39
536e39
536e51
536e39
536e39
536e39
66694f
536e39
536e39
66694f
536e39
536e39
536e39
66694f
536e39
675861
664d39
664d4f
536e39
536e39
536e39
536e39
536e51
536e39
536e39
536e39
536e39
536e39
536e39
66694f
767051
767063
66694f
3e5836
3e5851
3e5861
536e39
536e39
536e39
536e39
536e39
536e51
536e39
536e39
536e39
536e39
536e39
536e39
535239
536e39
536e39
536e39
536e6d
536e39
536e39
536e39
536e39
536e39
675861
536e39
536e39
536e39
66694f
675851
675861
536e39
536e39
536e39
56564e
536e39
675861
536e39
536e39
536e39
536e39
674d51
674d61
675861
536e39
536e39
675861
6c4266
536e39
535b39
7a655b
536e39
675861
536e39
536e39
675861
536e39
536e39
536e39
666951
675851
675861
6c6951
536e39
536e39
66694f
666951
6e4c57
536e39
536e39
536e39
536e39
675861
536e39
536e39
536e39
536e39
536e39
536e39
536e39
536e39
536e39
536e39
536e39
536e51
536e39
534d39
536e39
675861
536e39
536e39
536e39
536e39
536e39
536e39
534539
534571
536e39
536e51
536e39
536e39
536e39
536e39
536e39
536e39
536e39
536e39
536e39
536e51
536e39
536e39
536e39
536e39
536e39
533e39
536e39
536e39
536e39
66694f
536e39
536e39
536e39
675861
536e39
536e73
536e39
536e39
536e39
536e51
536e39
536e51
675851
675861
536e39
675861
536e39
536e39
536e39
536e39
536e39
534d39
767063
536e39
536e39
536e39
535639
535669
536e39
536e39
536e39
664d4f
664d51
536e39
536e51
536e39
536e39
675861
536e39
534d39
534d53
536e39
534d39
536e39
6c6951
767063
536e39
536e39
536e39
536e39
536e39
536e51
536e39
536e39
536e39
533739
536e39
536e68
675861
66694f
767063
536e39
536e39
536e39
536e39
534d39
675851
675861
675861
675861
536e39
536e51
536e39
536e39
536e51
675861
675861
66694f
536e39
767063
333d69
536e39
66694f
536e39
536e39
534339
534351
675861
536e39
66694f
66695b
536e39
536e39
536e39
536e39
536e39
536e39
66694f
536e39
536e39
536e39
767063
534d39
536e51
536e39
536e39
534939
534951
536e39
536e39
536e39
536e39
536e39
536e39
536e39
66694f
536e39
675861
536e39
536e39
536e39
536e39
536e39
675861
536e39
675851
675861
673e61
66694f
536e39
536e39
536e39
536e39
536e39
536e39
536e39
536e51
536e39
536e39
536e51
536e39
536e39
777243
536e39
536e39
64724b
647251
536e39
66694f
536e39
536e39
536e39
536e39
536e39
536e39
675861
536e39
536e51
536e39
536e41
536e39
664f4f
536e39
536e39
536e39
536e39
536e39
536e39
534d39
534d51
536e39
536e37
536e39
536e39
536e39
536e39
536e39
536e39
536e39
536e39
536e39
675861
536e39
536e39
536e60
536e39
536e39
536e39
535b39
536e39
66694f
675851
675861
536e39
536e39
536e51
536e39
66694f
536e39
536e51
675861
536e39
675861
536e4f
536e51
536e39
536e39
536e51
536e77
535039
535051
535076
536e39
66694f
536e39
536e39
675851
675861
536e39
536e51
536e39
675861
536e39
536e39
536e39
536e39
767063
675861
536e39
536e39
536e39
536e39
536e39
536e39
536e39
536e39
536e39
536e51
66694f
536e39
536e39
536e39
534d39
536e39
767051
767063
536e39
536e39
536939
536e39
675861
777243
664d4f
547951
536e39
536e39
536e39
536e39
536e39
536e39
536b6c
536e39
536e39
536e39
536e51
536e39
536e39
536e39
536e39
536e39
536e39
536e39
536e39
536e39
536e39
536e39
536e41
536e39
536e39
534d39
66694f
536e39
5f4048
536e39
536e39
675861
66694f
675851
675861
536e39
536e39
675861
675861
536e39
536e39
66694f
666963
536e39
536e51
675861
663a4f
663a5c
536e39
536e39
767063
536e39
536e51
66694f
66694f
536e39
536e39
536e39
536e39
536e39
66694f
536e39
536e39
536e39
536e39
536e51
536e39
536e51
536e39
536e39
536e39
675861
6e4c57
536e39
536e51
536e39
536e39
536e39
536e39
66694f
536e39
536e39
536e39
536e51
536e39
536e39
536e39
534d39
534d51
675861
66694f
536e39
66694f
536e39
536e39
536e39
536e39
66694f
536e39
536e39
536e39
536e39
536e39
536e39
536e39
675861
536e39
66694f
536e39
536e39
536e39
536e51
536e39
536e39
536e39
536e39
536e39
536e39
536e39
767063
536e39
536e51
536e39
536e39
675861
536e39
536e39
536e39
536e39
536e39
536e39
534d39
534c39
536e39
536e39
536e39
536e39
536e39
536e39
536e51
536e5d
536e39
767063
536e39
536e39
536e39
536e51
536e39
536e39
536e39
536e39
536e39
536e39
536e60
536e39
536e51
536e39
536e39
536e39
536e39
536e51
536e39
536e39
675851
675861
675861
536e39
536e39
536e39
536e39
536e39
66694f
536e39
536e39
536e51
536e65
675861
536e39
536e39
536e39
536e39
536e39
536e39
536e39
536e39
67584c
675861
536e39
536e39
536e39
66694f
536e39
536e39
536e39
675861
536e39
534d39
536e39
536e39
536e39
536e39
536e39
536e39
536e51
536e62
534d39
536e39
536e39
536e39
536e39
6c6951
536e39
66694f
536e39
536e39
536e39
536e39
534b39
534b45
534b5d
675861
675869
536e39
675861
675851
675861
675861
536e39
536e39
536e39
534039
675861
536e39
675861
536e39
675861
536e39
536e39
675851
675861
66694f
536e39
675851
675861
534539
536e39
534d39
534d3e
536e39
536e39
536e39
536e39
536e39
536e39
536e43
675861
536e39
675861
536e39
536e51
536e39
536e51
536e39
536e39
66694f
536e39
536e39
536e39
536e39
536e39
536e51
536e39
675861
536e39
533339
533351
536e39
536e39
536e39
536e39
536e39
536e39
536e39
534d39
536e39
675861
536e39
536e39
536e39
536e39
536e39
536e39
536e39
536e39
536e51
536e39
536e39
536e51
536e54
536e39
536e39
536e39
536e39
536e39
66694f
536e39
536e39
66694f
66694f
4f5e3b
536e39
536e39
675861
536e39
536e39
675861
536e39
536e39
66694f
536e39
536e39
536e51
536e39
536e51
536e39
536e39
675861
536e39
536e51
536e39
536e39
536e39
674c57
674c61
536e39
534539
536e39
536e51
536e39
66694f
536e39
536e39
675861
536e39
536e39
536e39
536e39
536e39
536e39
536e39
536e51
675851
675861
536e39
675861
545551
536e39
536e39
536e51
536e39
536e39
66694f
536e39
536e39
536e39
536e39
536e39
536e6b
536e39
536e39
536e39
536e39
534339
53436e
536e39
536e39
536e39
536e39
536e51
536e39
66694f
536e39
66694f
536e39
6e4c57
536e39
536e39
675861
536e39
536e39
536e39
536e39
536e39
56564e
536e39
536e39
675861
536e39
534d39
536e39
536e39
536e39
675861
66694f
536e39
536e51
536e39
536e39
536e51
536e39
66694f
536e39
536e39
536e39
536e39
536e51
536e39
536e39
66694f
536e39
536e51
536e39
536e39
536e39
536e39
536e39
536e39
536e39
536e39
66694f
536e39
666939
66694f
536e39
536e39
536e6c
536e39
536e39
534c39
536e39
536e39
536e39
536e39
536e39
675861
536e39
536e51
536e39
536e39
536e39
536e39
536e39
536e51
536e39
536e39
675861
536e39
536e39
536e39
536e39
536e39
536e51
536e39
536e39
536e39
6e4c57
534d39
534d51
6e4c57
536e39
536e39
536e39
675861
536e39
536e51
536e39
534939
536e39
536e39
536e51
536e39
536e39
66694f
536e39
536e51
536e39
536e39
536e39
536e39
66694f
536e39
535839
536e39
536e39
536e39
495937
536e39
536e39
536e39
536e51
536e39
536e51
536e39
536e51
536e39
536e39
536e39
536e39
66694f
536e39
536e39
536e51
536e39
536e39
32394e
536e39
536e39
536e39
536e39
536e39
536e39
536e39
536e39
536e39
534d39
534d51
536e39
536e67
536e39
536e39
536e39
536e51
536e39
536e69
536e39
536e39
536e39
536e39
536e39
536e39
536e51
536e39
536e51
536e39
535939
534d39
534d51
536e39
66694f
536e39
536e39
536e39
536e39
536e39
536e39
536e39
536e39
536e39
536e39
536e39
536e39
536e39
536e51
536e39
536e39
536e51
536e39
536e39
536e39
536e39
536e39
536e39
536e39
535e39
536e39
536e39
675861
536e39
664d4f
664d51
536e39
536e39
536e39
536e39
536e39
536e39
66694f
536e39
536e51
675861
536e39
536e39
536e39
536e39
536e39
536e39
664d4f
66694f
536e39
536e39
536e39
674c61
674c79
536e39
534d39
535b39
536e39
536e51
536e39
67584d
675861
536e39
536e39
536e39
536e51
536e39
536e39
536e39
536e39
536e39
66694f
536e39
536e39
536e33
536e39
536e51
536e39
536e39
536e39
536e39
536e39
536e39
536e39
365669
534d39
66694f
536e39
536e51
536e39
536e39
536e39
536e51
533c39
536e39
536e39
536e6e
536e39
767063
535039
535055
536e39
536e39
536e51
536e66
675861
66694f
536e39
536e39
536e51
533439
536e39
536e39
536e39
536e39
534d39
536e39
536e39
536e39
536e39
536e39
536e51
536e39
66694f
536e39
536e39
536e39
534a39
66694f
536e39
536e39
536e39
536e39
536e39
675861
536e39
536e39
536e39
536e39
536e39
536e39
536e39
535f39
536e36
536e39
775843
775851
536e39
536e39
536e51
536e39
536e51
675861
536e39
536e39
536e39
675839
675861
536e39
536e39
536e39
536e51
536e39
536e51
536e39
536e39
536e51
536e39
66694f
675851
675861
536e39
536e39
536e39
536e39
536e39
536e39
66694f
666951
536e39
536e39
536e39
536e39
536e39
536e39
536e39
536e39
536e39
536e39
536e39
536e39
536e39
536e39
536e39
536e39
536e39
536e66
536e39
675861
536e39
66694f
666951
536e39
536e39
536e39
536e39
536e51
767051
536e39
536e39
536e51
534d39
536e39
536e39
675851
675861
536e39
536e51
536e39
536e39
536e39
536e39
536e39
66694f
675851
675861
536e39
536e39
536e39
675861
536239
536e39
536e39
536e39
536e39
536e39
536e39
536e39
536e39
536e39
534a39
536e39
535139
535142
536e39
536e39
536e39
536e39
536e39
536e51
536e39
536e51
536e39
536e61
536e39
675851
675861
536e39
536e39
536e39
536e39
536e39
536e39
536e77
536e39
536e39
536e39
536e51
536e39
536e51
536e39
464f51
536e39
536e39
536e51
536e39
66694f
536e39
536e39
536e39
536e39
536e39
536e39
536e39
536e39
536e39
536e39
675861
786e59
536e39
536e39
536e51
536e39
536e39
536e67
534d39
67583b
675861
536e39
675861
675861
675861
66694f
536e39
536e39
536e51
536e39
536e39
675851
675861
536e39
536e39
536e39
536e39
536e39
66694f
666951
675861
536e39
536e39
536e39
536e39
675861
536e39
536e51
536e6f
66694f
536e39
536e39
536e39
536e39
536e39
536e39
536e39
675861
536e39
536e39
536e39
536e39
536e51
536e39
675861
536e39
536e39
536e39
675861
777243
536e39
536e39
536e39
536e39
536e39
536e39
66694f
536e39
536e39
536e39
536e39
536e51
536e39
536e39
767051
767063
767063
536e39
536e39
536e39
536e51
536e39
536e5b
536e39
534d39
534d51
536e39
536e39
536e39
536e51
536e39
675861
675861
536e39
665d4f
665d53
66694f
536e39
536e51
536e39
675861
536e39
536e39
675861
536e39
66694f
536e39
66694f
536e39
536e39
536e39
536e51
536e39
536e39
536e39
66694f
536939
53694f
536e39
536e39
536e39
536e39
536e39
536e39
536e51
536e39
536e39
536e4a
675861
536e39
536e39
536e39
536e39
536e39
536e39
536e39
536e51
665a4f
536e39
536e39
66694f
675861
536e39
536e39
536e39
536e39
536e51
536e39
534e39
534e51
534e69
536e39
536e39
536e51
536e39
536e51
536e39
536e39
536e39
536e39
536e39
536e39
536e39
536e39
536e39
536e39
536e51
536e39
536e39
536e39
536e39
536e39
66694f
534139
534169
536e39
536e39
536e45
536e39
536e39
675861
536e39
536e51
536e39
536e51
6c6951
536e39
536e39
536e39
675861
675871
536e39
66694f
675851
675861
536e39
536e39
536e39
536e51
536e30
536e39
675861
536e39
675861
536e39
675861
536e39
536e39
66694f
536e39
536e39
536e39
536e39
536e39
6e4c57
536e39
536e39
536e39
536e51
536e39
535539
536e39
536e39
66694f
666975
536e39
536e39
536e39
536e39
536e39
536e39
675861
536e39
534051
536e39
536e39
536e39
536e39
534d39
534d51
536e39
536e39
536e39
536e51
536e39
536e39
536e39
536e39
536e39
675861
536e39
536e39
536e39
536e39
66694f
536e39
536e39
66694f
536e39
536e39
536e39
536e63
767063
536e39
536e39
536e51
536e39
533139
533151
536e39
536e39
536e39
536e39
536e39
675861
536e39
536e39
767051
767063
536e39
536e39
536e39
536e39
536e39
536e39
536e39
536e39
536e39
674d61
536e39
536e39
536e39
66694f
666951
536e39
536e39
536e39
536e39
536e37
536e39
675851
675861
536e39
536e39
536e39
534d39
536e39
536e39
536e39
536e39
66694f
536e39
536e39
536e39
536e39
4f3239
536e39
536e39
536e39
536e51
536e39
534d39
536e39
536e39
536e39
536e39
536e39
536e39
536e39
536e39
536e65
536e39
675861
536e39
536e39
675861
536e39
536e39
6e4c57
76703c
767063
536e39
536e39
536e39
674d61
66694f
66694f
536e39
536e39
66694f
536e39
536e39
536e51
536e39
536e39
66694f
666951
536e39
536e39
536e39
66694f
536e39
536e39
536e39
536e51
536e39
66694f
666951
66694f
675861
536e39
536e39
536e39
536e39
536e39
536e39
536e39
536e39
536e39
536e39
536e39
536e39
66694f
536e39
536e39
536e39
536e39
536e39
536e39
536e39
536e39
767063
536e39
536e51
536e39
536e39
675861
536e39
536e39
536e39
536e39
536e39
536e39
536e39
536e39
675861
536e39
536e39
536e51
536e39
536e39
536e39
536e39
536e51
536e39
536e39
66694f
536539
675861
536e39
675861
536e39
536e61
536e39
536e4d
536e51
536e39
536e39
536e51
536e39
536e39
675861
536e39
536e39
536e39
536e39
66694f
536e39
536e39
66694f
675861
536e39
66694f
536e39
536e39
536e51
534d39
536e39
536e39
536e51
66694f
536e39
536e39
536e39
536e39
536e39
536e39
536e39
536e51
66694f
533039
533051
66694f
536e39
536e39
536e39
536e39
536e39
536e51
536e39
536e51
536e39
536e39
536e39
536e39
536e39
536e39
536e51
536e39
536e39
536e39
536e39
536e39
6e4c57
536e39
675861
536e39
536e51
536e39
675861
536e39
536e39
536e39
536e39
66694f
536e39
536e39
536e39
536e39
675861
536e39
536e39
536e39
536239
536e39
536e39
66694f
536e39
536e39
536e4f
5b3a6b
536e39
536e39
536e39
675861
536e39
536e39
536e39
675861
536e39
536e51
536e39
536e39
536e39
536e39
536e39
536e39
675861
536e39
536e39
536e39
536e39
536e39
536e39
536e39
536e39
675861
536e39
536e39
533e39
533e69
66694f
536e39
536e39
536e39
536e39
536e39
536e39
536e39
536e51
536e39
536e39
536e39
536e39
536e39
536e39
536e39
534d39
536e39
536e39
536e51
536e39
536e51
675861
536e39
536e39
536e39
536e51
536e39
66694f
536e39
536e39
536e4d
536e51
536e39
536e39
66694f
536e39
536939
53694f
536e39
675861
536e39
66694f
536e39
536e51
536e39
536e39
536e39
66694f
66694f
536e39
536e39
536e39
536e39
536e39
536e39
536e39
536e39
536e39
536e39
536e39
536e39
536e39
536e39
536e39
675861
536e39
536e39
536e51
536e39
536e39
536e39
536e39
536e51
536e39
536e39
536e39
536e39
536e39
66694f
536e39
536e39
536e39
536e39
536e39
536e39
536e39
536e39
536e39
536e39
535c35
535c39
535c51
536e39
536e51
536e39
536e51
536e39
536e39
536e39
536e39
536e39
536e39
536e39
534139
536e39
536e79
6e4c51
6e4c57
536e39
535039
535051
535067
536e39
536e39
536e39
66694f
66694f
536e39
536e39
536e51
536e39
536e39
536e39
536e39
533039
536e39
536e39
536e39
536e39
66694f
666951
536e39
536e51
675861
536e39
536e39
785366
536e39
536e39
536e39
536e39
536e39
536e51
536e39
664d4f
664d51
536e39
536e39
536e39
536e39
536e39
675861
536e39
536e39
536e39
536e39
536e39
536e39
66694f
675861
66694f
536e39
536e51
536e39
536e51
536e39
536e39
536e39
536e39
536e39
536e39
536e39
675861
536e39
536e39
536e39
767063
536e39
536e39
536e39
536e39
675861
536e39
536e39
536e51
536e39
536e39
536e39
536e39
536e39
536e39
534d39
536e39
675861
536e39
536e39
534539
536e39
536e4d
536e39
536e39
536e51
536e39
536e39
536e39
536e39
536e39
536e39
536e51
536e65
536e39
536e39
536e39
536e39
536e39
536e39
536e51
536e39
536e39
6e4c57
536e39
536e39
536e6c
536e39
536e39
675861
536e39
534d39
536e39
536e39
536e51
536e39
536e51
675861
536e39
536e39
536e39
536e51
536e39
536e51
66694f
536e39
536e39
536e51
536e39
536e39
536e39
536e39
535439
535469
536e39
536e51
536e39
536e51
536e39
536e39
536e51
66694f
536e39
536e66
536e39
536e39
536e51
536e61
536e39
536e39
536e39
536e39
534839
534869
66694f
534d51
536e39
536e39
536e51
3d6969
536e39
536e39
536e39
675861
536e39
536e51
664a4f
664a51
536e39
536e39
666939
536e39
536e39
536e39
536e39
536e39
536e51
675851
675861
536e39
66694f
536e39
536e39
536e39
536e39
536e39
536e51
536e39
536e39
536e39
536e51
536e39
536e39
536e39
536e39
536e39
536e39
536e39
536e39
536e39
536e40
536e39
6e4c51
6e4c57
536e39
536e63
536e39
675861
535335
535339
66694f
536e39
536e39
536e39
675861
536e39
66694f
666951
534d39
536e39
66694f
536e39
536e39
536e39
536e39
536e39
536e39
536e39
536e39
536e39
536e51
536e67
536e79
536e39
66694f
666951
536e39
675861
536e39
536e59
536e39
536e39
536e39
536e39
536e39
536e51
67584f
675861
536e39
536e51
536e39
675861
536e39
536e39
536e39
536e39
536e39
536e39
536e39
536e39
536e70
536e39
536e39
536e39
536e39
536e62
536e39
536e39
536e39
536e39
536e39
536e39
536e39
767063
536e39
536e39
536e51
536e39
536e39
536e39
536e39
536e39
534d39
536e39
536e39
536e51
536e39
536e39
536e39
536e39
536e51
536e39
66694f
533239
533260
536e39
536e78
536e39
536e39
536e39
536e39
536e51
536e39
536e51
536e39
536e39
536e39
536e39
66694f
536e39
536e39
536e39
536e39
536e51
536e39
536e61
536e39
536e42
536e4f
536e52
675861
536e39
536e39
536e39
536e39
536e39
536e51
536e39
536e39
767063
536e39
534d39
534d51
536e39
536e66
536e39
536e39
536e61
536e39
536e79
536e39
536e39
536e39
536e39
536e39
675861
666939
66694f
536e39
536e39
536e39
536e39
536e39
536e39
536e39
536e39
536e39
675861
536e39
536e39
536e51
536e39
536e39
536e39
66694f
536e39
536e51
536e39
536e51
536e39
66694f
536e39
536e39
536e39
536e39
536e51
536e39
535539
536e39
536e39
536e39
536e39
536e51
536e39
536e39
675861
536e39
535b39
536e39
675861
536e39
536e39
66694f
754851
536e39
536e39
536e39
536e39
536e39
675851
675861
66694f
536e39
675861
66694f
675861
536e39
536e39
536e39
536e39
536e39
536e39
536e39
536e39
536e39
536e39
536e39
536e39
536e39
536e39
675861
536e39
536e39
536e39
536e39
536e39
536e39
675861
536e39
536e39
536e39
536e51
675851
675861
536e39
536e39
536e39
675861
536e39
536e39
767063
536e39
535339
536e39
536e39
536e39
536e39
536e39
536e39
536e39
536e39
536e39
536e39
534d39
534d51
536e39
536e74
66694f
666951
536e39
536e39
536e51
536e39
536e39
66694f
536e39
536e39
536e39
536e39
536e39
536e39
343e56
675861
534d39
675861
536e39
675861
536e39
536e39
536e39
66694f
536e39
675861
536e39
536e39
536e39
536e39
536e39
536e39
536e39
536e51
66694f
536e39
536e39
536e39
536e39
536e39
536e39
536e65
534d39
534d51
536e39
536e39
536e39
536e39
536e51
536e39
536e51
536e39
675861
536e39
536e39
664d39
664d4f
664d51
536e39
536e39
536e39
536e39
536e51
536e39
536e51
536e39
536e39
536e51
66694f
536e39
534d39
536e39
536e39
536e39
536e39
536e39
66694f
674d32
674d51
674d61
675861
536e39
536e62
536e51
534d39
536e39
536e39
536e39
536e39
536e39
536e39
536e39
536e39
536e39
666931
66694f
666965
536e39
536e39
536e39
536e39
536e3a
536e39
777243
777251
536939
53693d
536e39
66694f
66694f
536e39
536e51
536e39
536e51
536e39
534d39
534d51
536e39
536e39
536e39
536e39
536e39
536e39
536e39
536e39
536e39
536e51
536e39
536e51
536e39
67584d
675861
536e39
536e39
536e39
536e51
536e39
536e39
536e39
536e51
536e39
536e39
536e39
536e4f
536e51
536e39
536e39
536e39
66694f
666951
536e39
533c39
536e39
536e51
66694f
536e39
536e39
536e39
536e39
536e32
536e39
66694f
666951
536e39
536e39
675861
536e39
536e39
536e51
66694f
536e39
534d39
534d51
536e39
536e39
536e39
536e39
536e39
536e39
675851
675861
536e39
66694f
536e39
6e4c57
536e39
536e39
536e39
536e39
536e39
66694f
536e39
536e39
675861
536e39
536e39
536e39
534d39
66694f
536e39
536e39
66694f
536e39
66694f
536e39
536e39
536e39
536e39
536e39
66694f
536e39
536e58
536e39
536e39
536e39
536e39
536e39
66694f
536e39
536e39
536e39
536e39
675861
66694f
536e39
536e39
536e51
536e39
536e4c
536e39
536e39
536e39
533e39
533e45
536e39
675861
66694f
666951
536e39
536e39
536e39
536e39
536e39
664d4f
664d51
536e39
536e51
536e39
536e39
536e39
536e51
536e39
536e51
536e39
536e39
535039
536e39
536e39
536e51
536e39
536e39
66694f
536e39
536e39
536e39
536e39
536e39
536e39
673e51
536e39
534d39
536e39
66694f
536e39
536e39
536e39
536e51
536e39
536e39
675861
536e39
534d39
536e39
675851
675861
536e39
536e51
675861
536e39
536e39
6c6951
675851
675861
536e39
536e51
536e39
536e39
536e39
536e39
536e51
675861
675661
675861
536e39
536e39
536e39
536e39
536e39
536e39
536e39
66694f
675861
536e39
536e61
536e39
536e39
536e39
675861
536e39
536e39
534d39
536e39
536e39
536e39
536e39
536e39
536e39
536e51
536e39
536e51
536e39
536e39
536e51
536e39
536e39
536e39
536e39
675861
536e39
66694f
666951
536e39
536e39
675861
536e39
536e39
536e39
536e51
675861
66694f
666939
66694f
536e39
536e39
767063
536e39
536e39
536e51
536e39
536e39
536e51
536e39
495937
536e39
536e39
536e51
536e39
675861
536e39
536e39
536e39
536e39
536e39
536e51
675861
536e39
536e39
536e51
536e39
536e3a
534d39
534d51
66694f
536e39
536e39
536e39
536e39
536e39
536e39
536e39
536e39
536e39
536e39
536e39
675861
536e39
536e39
536e39
536e39
534d39
536e39
536e39
536e39
536e39
536e51
536e39
536e39
536e45
536e39
536e39
536e39
536e51
675861
536e39
536e39
536e39
534f39
536e39
536e39
536e39
536e39
536e76
536e39
536e39
536e39
536e39
536e39
6e4c57
536e39
536e39
536e39
536e39
536e39
536e39
536e39
536e39
675861
675861
536e39
664d4f
536e39
536e39
536e39
536e39
66694f
66694f
536e39
536e39
536e39
66694f
536e39
536e39
536e39
536e39
536e39
534d39
536e39
536e39
536e39
536e39
66694f
536e39
536e39
536e39
675861
536e39
675861
534d39
534d51
536e39
536e39
4d7851
536e39
536e39
66694f
666951
675861
536e39
536e39
536e39
536e39
536e39
536e39
675861
66694f
666951
536e39
536e39
536e51
536e39
536e51
536e39
66694f
536e39
675861
536e39
536e4f
536e39
536e39
536e51
536e39
536e39
675851
675861
536e39
536e39
66694f
536e39
675861
536e39
536e39
536e39
536e39
536e39
536e39
675851
675861
536e39
536e39
536e39
536e54
536e39
536e39
536e39
536e39
536e39
536e61
536e39
536e39
536e39
767063
536e39
536e51
536e39
536e39
536e51
536e39
536e39
66694f
536e39
536e39
536e39
536e39
767063
675861
67586d
536e39
536e39
536e39
536e4f
536e39
536e39
536e39
536e39
536e51
536e39
536e39
536e39
536e39
536e3d
536e51
536e39
536e39
536e39
536e51
536e39
536e51
536e39
536e39
666939
66694f
666951
536e39
536e39
536e39
536e51
536e39
533b39
533b48
533b6a
536e39
536e39
536e39
66694f
536e39
536e39
536e39
536e39
536e39
536e39
536e39
534d39
536e39
536e39
536e39
536e51
536e39
536e51
767063
536e39
536e51
675861
536e39
534d39
536e39
536e39
536e39
536e51
536e39
536e51
675861
536e39
66694f
536e39
536e39
536e39
536e39
536e60
536e39
536e39
536e51
536e72
536e39
536e39
536e51
536e39
536e39
536e39
536e39
536e39
664d4f
536e39
536e39
536e51
536e39
536e39
536e39
536e39
536e39
536e39
536e39
66694f
536e39
536e51
66694f
666951
536e39
536e39
675861
536e39
536e51
536e39
536e39
536e39
536e39
536e51
536e39
66694f
536e39
534d39
536e39
536e39
536e39
536e51
536e39
536e39
536e39
663e4f
536e39
536e39
66694f
536e39
536e51
536e39
536e39
536e39
536e39
536e39
536e51
536e39
536e39
536e39
675861
536e39
536e30
536e39
536e39
536e51
536e39
536e4b
536e39
536e39
536e39
536e39
536e39
675861
536e39
536e51
536e39
536e51
536e39
536e51
533039
536e39
536e39
536e39
536e39
536e51
536e63
66694f
536e39
536e6f
66694f
536e39
536e39
536e54
536e39
536e39
536e39
66694f
536e39
536e39
66694f
536e39
534d39
66694f
536e39
536e39
536e39
675861
66694f
536e39
536e39
536c39
536c51
536c61
536e39
534d39
536e39
536e39
66694f
674d61
536e39
536e39
536e39
536e39
536e39
536e39
536e39
66694f
536e39
66694f
536e39
536e39
536e39
536e37
536e39
536e51
536e39
536e39
536e39
536e39
534d39
767063
536e39
536e39
536e39
536e39
536e39
536e3e
536e39
536e39
536e39
536e39
536e39
536e39
536e39
536e39
495937
536e39
536e39
536e39
536e39
536e39
536e39
536e39
66694f
536e39
66694f
66695c
536e39
666939
66694f
536e39
536e39
536e39
536e39
536e39
536e39
536e39
66694f
536e51
66694f
675861
535e39
535e73
536e39
536e51
675851
675861
536e39
536e39
66694f
536e3c
536e39
536e51
536e39
536e39
675861
66694f
536e39
675861
66694f
536e39
536e39
536e39
536e39
536e39
536e39
536e39
536e39
536e39
536e39
536e39
536e39
66694f
536e39
66694f
536e39
534d39
536e39
675839
675861
536e39
536e39
536e39
536e39
536e39
66694f
536e39
536e39
536e39
536e39
536e39
66694f
536e39
536e39
536e39
536e39
536e39
536e39
536e39
536e39
536e39
536e39
536e51
536e39
675861
536e39
536e39
536e39
536e39
536e39
536e51
536e5a
536e39
536e39
536e39
536e39
536e39
536e39
536e39
536e51
66694f
536e39
536e30
536e39
536e39
675851
675861
536e39
536e35
536e39
536e51
536e39
536e39
536e39
536e51
66694f
536e39
675861
536e39
536e51
534d39
536e39
536e39
536e39
534d39
534d51
536e39
536e39
536e39
675851
675861
536e39
536e39
536e39
536e39
536e51
536e39
536e39
536e39
536e39
536e39
536e39
536e39
536e39
66694f
666951
536e39
66694f
536e39
536e51
536e39
536e39
536e39
536e39
536e51
536e39
675851
675861
536e39
536e40
536e39
536e39
536e36
536e39
536e39
66694f
536e39
536e39
536e39
536e39
536e39
536e39
675861
536e39
536e39
536e39
536e39
66694f
675861
536e39
536e39
536e39
536e51
767063
66694f
534139
536e39
536e39
536e39
66694f
536e39
536e51
536e39
536e39
664d4f
664d51
536e39
536e39
536e51
536e39
536e39
536e39
536e51
536e39
536e39
536e39
536e39
536e39
536e39
536e51
536e39
536e39
675861
533a39
536e39
66694f
675861
536e39
536e39
536e39
66694f
666951
536e39
536e39
536e39
536e39
536e39
6c6951
66694f
536e39
536e39
536e39
767063
536e39
536e39
536e39
536e39
536e39
536e51
536e39
536e39
536e39
536e39
536e51
66694f
536e39
534d39
536e39
536e39
536e39
675861
536e39
536e39
536e73
536e39
536e39
536e51
536e39
536e51
536e39
536e63
66694f
666951
535639
535668
536639
66694f
536e39
534439
534476
66694f
536e39
536e39
536e39
536e39
536e39
66694f
536e39
675861
675869
536e39
536e39
64724b
534d39
536e35
536e39
536e39
66694f
666951
675861
536e39
536e39
536e39
536e39
536e39
536e39
536e39
675861
536e39
534d39
534d64
6c6951
533e39
536e39
536e51
536e39
66694f
536e39
536e39
536e39
536e39
536e39
66694f
536e39
536e39
536e39
536e39
495937
536e39
675861
536e39
536e39
675861
536e51
536e39
536e39
536e4e
536e39
536e39
536e39
536e39
536e39
536e39
536e39
536e39
536e39
536e39
536e39
536e51
536e39
536e39
536e39
536e39
486c39
536e39
536e39
536e39
536e39
536e39
675861
536e39
536e39
536e39
536e51
536e39
536e39
536e39
536e39
66694f
536e39
536e51
536e39
536e39
666430
66645a
536e39
536e39
536e39
536e39
536e39
675861
536e39
536e39
536e6e
536e39
534d39
534d51
534039
534051
536e39
536e39
536e39
536e39
536e39
536e51
536e39
536e39
536e39
675861
536e39
536e39
536e76
536e39
66694f
536e39
66694f
66694f
536e39
536e39
675861
536e39
536e39
536e39
536e39
767063
536e39
536e39
536e39
536e39
536e39
536e39
536e39
536e39
675861
536e39
536e39
536e39
536e39
675861
536e39
536e39
536e51
536e39
536e39
536e39
536e39
536e39
536e39
536e39
536e39
536e39
66694f
774d51
536e39
536e39
536e39
536e39
675861
66694f
536e39
536e39
536e39
536e39
536e39
536e39
536e39
536e51
675851
675861
664d4f
536e39
536e39
536e39
66694f
536e39
536e39
536e39
66694f
536e39
536e39
536e39
536e39
536e39
536e39
536e39
536e39
536e51
536e39
536e39
536e39
536e51
536e39
675861
536e39
536e39
536e39
536e39
536e39
767063
536e39
536339
536e39
536e39
675861
536e39
536e39
536e39
536e39
536e39
536e51
536e39
536e39
536e39
536e39
536e51
675851
675861
536e39
536e39
536e39
536e39
66694f
536e39
536e39
536e51
675861
536e39
536e39
536e51
536e39
536e39
536e39
536e39
536e39
536e39
536e39
66694f
666951
536e39
646965
536e39
536e39
536e39
675861
764751
764763
66434f
664364
536e39
536e39
536e39
66694f
536e39
536e39
767063
536e39
536e39
536e39
536e39
536e39
535939
536e39
536e39
66694f
675861
536e39
536e39
536e39
536e36
536e39
536e39
536e39
534d39
534d51
536e39
675861
536e39
675861
536e39
536e39
536e39
476251
536e39
536e39
6e4c57
536e39
536e39
536e39
536e39
536e39
536e51
536e39
536e51
536e39
536e39
536e39
536e39
675851
675861
66694f
675861
536e39
66694f
666951
536e39
536e39
536939
536944
536e39
536e39
536e48
536e39
675861
536e39
4e4351
4e4363
536e39
536e39
675861
536e39
536e39
536e39
536e39
536e39
536e39
6e4c57
536e39
675861
536e39
536e39
536e39
536e39
536e39
536e39
536e39
536e39
536e51
536e39
536e39
536e39
536e51
536e39
675861
536e39
66694f
536e39
536e51
536e39
536e39
536e39
536e51
536e39
536e39
536e39
536e39
536e39
536e39
536e51
534d51
536e39
536e39
536e39
536e5a
536e39
675861
536e39
675851
675861
66694f
536e39
536e39
536e39
536e39
675851
536e39
536e39
536e39
536e39
536e39
536e39
675861
536e39
536e39
66694f
66694f
536e39
536e4f
536e51
536e39
536e58
675851
675861
767063
536e39
675861
536e39
536e39
536e39
534a39
534a60
536e39
675851
675861
536e39
536e39
536e39
675861
66694f
574d42
536e39
536e39
536e39
666936
66694f
666951
675861
536e39
536e39
536e39
536e39
675861
536e39
536e39
675861
675861
536e39
536e39
536e51
536e39
536e39
536e39
534d39
534d4f
534d51
536e39
536e39
536e39
536e39
536e39
536e51
536e39
536e39
536e39
536e39
536e51
536e39
675861
536e39
536e39
536e39
536e51
66694f
536e39
536e51
536e39
536e39
536e39
767063
536e39
536e51
536e39
675861
66694f
536e39
536e39
536e39
536e39
536e51
536e39
536e39
536e39
675851
675861
536e39
536e39
536e51
536e39
536e39
536e51
536e39
536e39
66694f
536e39
536e39
536e51
536e39
536e39
536e39
536e39
536e39
536e39
66694f
66694f
536e39
536e39
536e39
536e51
536e39
66694f
666951
536e39
536e39
767063
536e39
536e51
536e39
534d39
536e39
536e39
66694f
536e39
536e39
536e39
536e39
536e39
536e39
66694f
536e39
675861
536e39
536e39
536e39
534d39
536e39
536e39
536e39
536e39
536e39
536e39
536e51
536e39
535d39
536e39
536e39
536e51
66694f
536e39
536e69
536e39
536e39
533f39
533f72
536e39
536e51
536e39
536e39
536e39
535f39
535f51
536e39
536e39
536e39
675861
675861
536e39
536e39
536e39
536e39
675861
536e39
536e39
675851
675861
536e39
536e39
536e39
6e4c57
536e39
536e39
536e39
536e39
536e39
536e51
536e39
534d39
536e39
536e39
536e39
536e39
536e39
536e39
536e69
536e39
536e51
536e39
66694f
536e39
536e39
536e39
536e39
534d39
536e39
536e39
536e39
536e39
675851
675861
536e39
536e39
536e51
536e39
536e51
536e39
536e39
536e39
536e39
536e39
536e39
536e39
536e39
536e39
536e39
536e39
536e39
536e39
66694f
536e39
536e39
536e39
66694f
536e39
536e39
675861
536e39
536e51
66694f
536e39
536e39
536e51
675861
66694f
536e39
536e39
536e39
534d39
534d51
536e39
536e39
536e39
536e39
66694f
536e39
536e39
536e39
536e39
536e39
536e51
536e39
536e51
5e6e39
536e39
536e39
536e51
536e39
534d40
536e39
536e39
536e39
536e39
536e39
536e39
674d51
674d61
66694f
536e39
536e39
66694f
536e39
536e39
675861
536e39
536e39
536e39
536e39
536e39
536e51
536e39
536e39
536e39
536e39
536e39
536e39
536e51
536e39
536e39
536e39
536e39
536e54
536e39
675861
536e39
66694f
666951
536e39
536e39
536e39
536e51
536e39
536e39
534d39
534d51
536e39
536e51
536e39
536e39
536e39
536339
675861
66694f
536e39
536e39
536e39
536e51
536e71
536e39
534d39
536e39
675861
536e39
536e39
536e39
536e39
536e39
675861
536e39
675861
536e39
66694f
536e39
66694f
536e39
536e51
536e39
675851
675861
536e39
536e51
536e39
536e3a
767063
536e39
536e39
666951
536e39
536e39
536e3e
536b51
675861
66694f
666951
536e39
536e68
536e39
674d61
536e39
536e36
536e39
536e39
536e39
536e52
536e39
534b39
536e39
536e39
536e39
536e51
536e39
536339
536e39
536e39
675861
536e39
536e39
767063
536e39
536e61
536e39
536e39
536e39
536e39
536e39
675861
536e39
533439
536e39
536e51
536e39
536e39
536e39
536e51
536e39
536e39
536e51
536e39
675861
536b39
767063
536e39
536239
675861
536e39
536e39
536e39
536e39
536e39
66694f
536e39
536e39
66694f
536e39
536e39
536e39
536e51
536e39
536e39
536e3e
536e39
675861
66694f
536e39
536e51
536e39
536e39
536e51
536e39
675861
66694f
6e4c57
536e39
675861
536e39
536e39
536e39
536e51
536e39
536e39
536e39
536e39
536e39
536e39
536e39
536e6d
66694f
536e39
6e4c57
536e39
66694f
66694f
536e39
536e39
533139
536e39
536e39
536e39
536e51
536e39
675861
533739
533751
536e39
536e39
666939
66694f
536e39
675861
767051
767063
536e39
536e39
536e39
536e39
536e39
536e51
536e39
536e39
536e39
534d39
534d76
536e39
536e39
536e39
536e39
536e39
536e39
536e39
536e39
536e39
533b39
533b75
536e39
536e39
536e51
675861
536e30
536e39
536e39
536e39
536e39
536e39
536e39
536e39
675861
675861
536e39
536e51
536e39
675861
6c6963
66694f
536e39
534d39
66694f
536e39
536e4d
536e39
536e39
536e39
536e51
536e39
536e51
536e39
536e51
6e4c57
777243
536e39
536e39
536e39
675851
675861
66694f
536e39
536e39
536e39
536e39
536e51
536e39
66694f
66694f
666951
536e39
536e39
536e39
536e39
536e39
675861
536e39
536e51
536e39
536e39
536e39
675851
675861
536e39
536e51
536e39
536e39
6e4c57
536e39
536e39
536e39
536e39
536e51
536e39
536e39
536e39
536e39
536e51
536e39
536e39
536e39
534d39
536e39
66554f
665551
665579
536e39
536e39
675861
536e51
536e66
536e39
66694f
675861
536e39
536e39
534439
536e39
536e39
536e39
536e39
536e39
536e51
536e39
536e39
536e51
536e39
675861
536e39
536e51
536e39
536e39
66694f
536e39
66694f
536e39
536e39
536e39
536e51
536e39
536e39
536e39
536e39
536e51
536e39
536e39
536e39
536e32
536e39
536e39
536e39
536e39
536e51
536e39
536e51
536e64
536e39
536e39
536e39
536e39
536e39
66694f
536e39
536e39
536e39
536e39
536e5b
536e39
536e39
536e39
536e39
536e39
536e39
675861
536e39
536e39
536e39
66694f
536e39
536e39
536e39
536e39
536e39
66694f
66697a
676e39
676e61
536e39
536e39
536e39
536331
536339
675851
536e39
536e51
675861
536e39
536e39
536e39
536e39
536e39
675861
675861
536e51
536e39
536e39
536e39
536e39
536e61
675861
675861
536e39
536e5a
536e39
536e39
536e39
536e59
675861
536e39
534d39
675861
66694f
536e39
536e39
536e39
536e39
675861
536e39
536e39
536e39
675851
675861
536e39
536e39
536e39
675861
536e39
536e39
536e39
536e39
66694f
536e39
534d39
536e39
767063
536e39
533d39
536e39
536e39
536e39
536e39
536e39
536e51
536e39
536e39
536e39
536e39
536e39
536e39
536e51
536e39
536e39
536e39
536e39
536e39
536e39
536e39
536e39
536e39
536e51
536e39
536e39
534d51
536e39
536e39
66694f
536e39
536e56
536e39
536e39
536e39
536e39
536e51
675861
536e39
536e39
536e39
536e39
536e39
536e51
536e39
66694f
666951
536e39
536e39
66694f
666951
536e39
536e39
536e39
66694f
666951
66694f
675847
675861
536e39
536e39
536e39
675861
536e39
536e39
536e51
536e39
536e39
674d61
675851
675861
675861
536e39
536e39
536e39
536e39
536e51
536e39
536e61
66694f
536e39
536e39
536e51
536e39
536e51
536e39
767063
536e39
536e39
536e39
536e39
536e51
536e39
536e39
675861
536e39
536e39
536e39
675861
536e39
536e39
486c49
534d39
536e39
536e39
536e39
675861
536e39
536e39
536e39
535939
536e39
536e39
534d39
536e39
536e39
666939
66694f
666951
536e39
66694f
536e39
536e39
536e39
536e42
536e51
536e39
536e39
536e51
536e39
534d39
534d51
536e39
536e39
767063
536e39
536e39
536e39
536e39
536e39
536e39
536e39
674d61
536e39
536e39
536e39
536e51
536e39
675861
536e39
536e51
536e39
536e39
536e51
536e39
675851
675861
536e39
536e39
534d39
536e39
536e51
536e39
536e39
536e39
533b39
536239
536241
675861
536e61
536e39
536e39
536e39
66694f
536e39
536e39
536e39
536e39
536e39
536e39
534d39
536e39
536e39
536e39
536e39
66694f
536e39
536e39
536e39
536e39
536e39
536e39
536e51
536e39
536e39
536e39
536e39
536e39
536e39
536e39
536e39
536e39
536e74
675861
536e39
67583c
675861
536e39
536e39
536e39
536e30
536e39
536e51
536e39
675861
675861
673561
536e39
536e39
536e39
675860
675861
536e39
536e39
536e39
536e39
536e39
536e39
536e39
536e39
536e39
536e39
536e39
536e39
66694f
66694f
666951
536e39
536e39
536e39
536e39
534d39
674951
674961
536e39
536e39
536e39
675861
536e39
66694f
666951
536e39
536e39
536e51
536e39
536e39
536e39
536e39
536e39
66694f
536e39
536e51
536e39
536e39
66694f
536e39
536e39
536e39
536e39
536e39
66694f
536e39
675861
675874
536e39
536e39
536e51
536e6d
536e39
536e39
536e39
536e39
675861
675861
536e39
536e39
536e39
536e39
66694f
536e39
536e39
536e39
66694f
536e39
66314f
663155
536e39
536e39
536e39
536e39
536e39
536e51
675851
675861
536e39
536e39
536e39
536e51
536e39
536e39
536e39
536e51
535439
535451
535455
675833
675861
536e39
536e39
675861
536e39
536e39
536e39
536e39
536e51
536e39
536e39
675861
536e39
536e39
536e39
536e39
536e39
754833
754851
533b39
66694f
536e39
536e39
536e39
536e39
536e39
66694f
536e30
536e39
536e39
664d4f
536e39
536e39
536e39
66694f
536e39
536e39
536e39
536e39
536e39
536e39
66694f
675861
536e39
534d39
536e39
536e39
536e39
536e39
536e39
536e39
536e39
536e51
536e39
536e39
536e39
536e51
536e39
536e39
536e39
66694f
534d39
536e39
536e39
536e4f
536e39
536e39
536e39
536e39
536e39
536e39
535539
535551
536e39
536e39
536e39
536e39
66694f
536e39
536e39
536e39
536e39
536e39
536e51
536e39
536e46
536e51
674d61
675861
536e39
767063
536e39
536e51
675861
536e39
536e39
534d31
534d39
534d3b
534d51
536e39
536e39
536e39
66694f
666951
536e39
536e39
536e39
675861
495937
536e39
536e39
536e51
536e39
536e39
536e39
536e39
536e51
536e39
536e39
536e39
536e39
536e39
536e39
66694f
536e39
664d4f
66694f
536e39
66694f
536e39
536e39
536e39
536e39
536e39
675861
536e39
536e39
536e39
536e39
536e39
534d39
536e39
66694f
767063
536e39
536e39
536e51
675851
675861
536e39
536e39
536e39
536e39
536e39
536e39
534739
534751
53475d
536e39
536e39
66694f
536e39
536e39
536e51
536e39
675861
675861
536e39
536e39
536e39
536e39
536e39
536e39
536e51
536e39
536e39
536e39
536e39
66694f
536e39
536e39
536e39
536e39
536e51
536e39
536e39
675861
536e39
536e39
536e39
536e39
536e39
536e39
536e51
675861
664d4f
675861
536e39
767063
536e39
536e39
675861
675861
536e39
536e39
536e51
536e39
536e39
536e39
66694f
536e39
536e39
536e39
534d39
536e39
536e51
536e69
536e39
66694f
536e39
536e39
536e51
536e39
536e39
66694f
6e4c39
6e4c57
536e39
675861
536e39
536e39
536e39
536e51
536e39
536e39
675861
66694f
66694f
536e39
536e39
536e39
536e39
675861
536e39
675861
536e39
536e39
536e39
536e39
6e4c57
536e39
536e39
536e39
536e51
675861
536e39
536e39
536e39
536e39
534d39
536e39
536e39
536e39
675851
675861
536e39
536e39
536e39
536e39
534d39
536e39
536e39
536e39
536e39
536e39
536e39
536e39
536e39
536e39
536e39
536e39
66694f
666951
66694f
536e39
536e39
675861
536e39
536e51
536e39
536e39
536e39
536e39
536e39
536e51
675851
675861
536e39
536e39
536e39
536e39
536e39
675861
536e39
536e51
66694f
66694f
66696c
66694f
536e39
536e39
675861
675861
536e39
536e39
536e39
675861
536e39
536e39
536e51
536e39
536e39
536e39
675861
536e39
536e39
675861
536e39
534d39
536e39
536e39
536e39
536e39
534d39
536e39
664d4f
664d51
536e39
536e51
536e39
536e39
536e39
536e39
536e39
536e51
675861
536e39
536e39
536e39
536e51
536e39
536e39
534e39
536e39
536e39
675861
536e39
536e51
536e39
536e39
536e39
536e51
536e39
536e39
536e51
533151
536e39
536e39
536e39
536e39
536e39
536e39
536e51
536e39
536e51
536e39
536e39
536e44
536e51
536e39
536e39
536e39
536e39
675861
536e39
495937
536e39
536e39
536e39
536e39
536e39
536e39
536e39
536e51
536e39
536e39
777243
536e39
536e39
536e39
675861
767063
767063
536e39
536e39
536e39
536e39
536e39
536e66
675861
675861
66694f
536e39
536e46
536e39
536e39
536e39
536e39
536e39
536e39
536e51
536e6e
536e39
675861
536e39
675851
536e39
66694f
536e39
536e51
536e39
536e39
536e39
536e39
536e39
767063
536e39
536e39
536e51
536e39
536e39
536e39
674d4c
674d61
4f3c42
536e39
536e51
536e39
536e39
536e51
675861
536e39
536e39
536e39
536e39
536e39
536e51
536e39
536e39
536e39
536e39
536e51
536e39
536e39
536e39
536e39
675861
536e39
536e39
536e39
536e51
536e39
536e39
536e39
536e39
6e4c57
767063
495937
536e39
536e39
536e39
536e39
767063
536e39
535039
536e39
66694f
536e39
536e51
536e39
534d39
536e39
536e39
66694f
536e39
66694f
536e51
536e39
536e39
536e39
536e39
536e39
536e39
536e39
536e39
536e39
536e39
536e39
767063
536e39
536e39
675861
66694f
536e39
536e39
536e39
536e39
66694f
666951
536e39
536e51
675861
536e39
536e39
536e39
536e39
536e39
536e39
536e39
675861
536e39
536e39
536e39
536e39
536e53
536e39
536e39
536e39
536e37
536e39
536e51
536e39
536e39
767063
536e39
536e39
536e39
536e51
536e39
675861
536e39
536e39
536e39
536e39
536e39
66694f
536e39
536e39
536e39
536e39
675861
536e39
536e39
536e51
536e39
536e39
536e39
536e39
536e39
536e39
536e39
536e39
675861
536e39
675861
675861
536e39
536e39
536e39
675861
536e39
536e39
536e39
536e39
666933
66694f
535a39
536e39
675861
675861
536e39
536e39
536e39
536e39
536e39
536e39
536e39
536e39
536e39
536e3e
536e39
536e39
536e39
536e39
536e51
536e39
536e39
536e39
536e39
536e51
536e39
46466b
536e39
536e39
536e39
536e39
536e39
536e39
536e39
66694f
536e39
536e51
536e39
536e39
536e39
536e39
536e39
536e39
675861
536e39
675861
536e39
536e39
536e39
66694f
536e39
536e4a
536e51
536e39
536e41
536e51
675849
536e39
536e39
6c5f74
536e39
536e39
536e39
536e39
536e51
536e39
674d61
536e39
536e39
536e39
536e39
536e51
536e39
536e51
536e39
536e51
536e39
536e39
536e39
536e5e
536e39
536e39
536e6d
536e39
536e39
536e39
675861
536e39
423851
536e39
536e51
675861
536e39
536e39
536e39
536e39
536e39
536e39
536e39
536e39
536e39
536e4f
536e39
536e39
536e51
536e39
536e39
536e39
536e51
536e39
536e39
536e39
536e39
66694f
666951
536e39
66694f
675861
533d39
533d5a
536e39
536e39
536e39
536e39
536e39
536e39
536e39
536e39
536e39
536e39
536e39
536e39
536e37
536e39
536e39
536e39
536e51
536e39
536e39
675861
536e39
536e39
536e51
767063
536e39
536e39
536e39
536e39
536e39
536e39
675851
675861
536e39
534d36
534d39
536e39
66694f
536e39
536e39
675861
536e39
536e51
536e39
536e3a
536e51
536e39
536e39
536e39
536e39
536e39
536e39
536e39
536e39
536e51
536e39
536e39
536e39
536e39
536e39
675861
536e39
534d39
534d51
536e39
536e39
536e39
536e51
536e39
536e39
536e39
536e39
536e39
536e39
536e39
536e39
767063
536e39
536e39
536e39
536e51
536e39
536e39
675861
536e39
66694f
536e39
536e39
675861
66694f
536e39
536e39
536e51
536e39
536e39
536e39
536e39
536e39
536e39
536e51
534d39
536e39
66694f
536e39
536e39
536e39
66694f
536e39
536e39
536e39
536e39
536e39
536e39
675861
533239
533245
675861
536e39
536e39
536e39
675861
536e39
536e39
536e39
536e51
536e39
675861
536e39
536e51
536e39
536e39
536e39
536e39
536e39
536e51
536e39
534d39
536e39
536e39
664d4f
675836
675861
536e39
675851
675861
536e39
536e39
66694f
666951
536e39
536e39
536e51
536e39
66694f
666962
536e51
536e39
536e39
536e39
66694f
536e39
536e51
536e39
536e39
536539
66694f
536e39
536e39
536e39
534d39
536e39
534d39
536e39
675861
536e39
536e51
66694f
536e39
536e39
536e39
536e39
536e51
536e39
675861
536e39
536e39
66694f
536e39
536e39
536e51
536e39
536e39
536e39
536e39
536e39
66694f
675861
536e39
536e51
536e6a
536e39
536e39
536e51
536e39
536e39
536e39
536e39
536e39
536e39
536e39
536e39
536e39
6e4c57
536e39
536e39
536e39
675861
536e39
674461
536e39
536e39
536e39
536e39
536e39
536e39
66694f
66694f
536e39
66694f
536e39
534d39
536e39
536e39
536e39
536e39
536e39
536e39
536e39
536e39
536e39
536939
536971
536e39
536e39
536e39
536e39
536e3d
536e51
536e39
536e39
536e39
536e39
536e39
536e34
536e36
536e39
536e56
536e39
536e39
675861
536e39
536e39
536e51
536e31
536e39
536e51
536e39
536c39
536c3c
536e39
536e51
767063
767063
536e39
536e39
536e39
534c39
536e39
536e39
536e39
536e39
536e39
536e39
675861
66694f
536e39
536e77
536e39
66694f
536e39
536e39
536e39
536e39
536e39
536e39
536e51
536e39
536e30
536e39
536e78
536e39
675861
536e39
6e4c51
6e4c57
536e39
5f5751
675861
536e39
536e39
534d39
534d51
536e39
536e39
536e39
66694f
536e39
536e51
675861
536e39
536e39
536e39
675861
536e39
536e39
675861
767051
767063
536e39
536e39
536e39
536e39
536e39
536e39
536e39
536e39
536e39
536e39
536e39
536e39
536e39
536e39
536e39
536e39
536e39
536e51
536e54
534d39
534a39
534a40
534a51
536e39
536e39
536e39
536e39
675861
536e39
536e49
675861
536e39
536e39
536e51
536e5c
536e39
536e39
536e39
536e39
536e39
536e39
536e39
536e39
66694f
536e39
536e51
536e39
536e39
536e39
536e39
536e51
536e39
675861
536e39
536e51
536e39
536e39
536e39
675861
536e39
536e39
536e39
536e39
536e51
536e39
536e39
536e39
66694f
536e51
536e39
423232
536e39
536e39
536e39
534d39
536e39
536e39
536e39
536e39
536e39
536e51
536e39
536e39
674d61
536e39
675861
536e39
536e39
536e39
536e39
536e51
536e39
536e39
536e51
536e39
536e51
536e39
536e39
536e51
536e39
536e39
536e39
536e39
666939
66694f
536e39
536e39
6c6951
675861
536e39
536e46
536e39
536e39
536e39
536e39
536e39
6e4c57
536e39
536e39
536e51
536e39
536e39
675861
536e39
675861
536e37
536e39
536e39
536e39
536039
536e39
536e4f
536e51
536e39
536e39
536e39
536e39
536e39
536e39
536e39
536e39
536e39
533b39
536e39
536e39
536e39
536e39
536e39
536e39
536e39
534d39
564876
536e39
536e39
536e39
536e51
536e39
536e39
536e51
534d39
675861
536e39
536e39
536e51
536e6c
536e39
66694f
536e39
536e39
536e39
536e51
66584f
536e39
536e39
534939
536e39
536e39
536e39
536e39
536e51
534d39
534d51
536e39
536e39
536e39
536e39
675861
675861
536e39
536e39
536e6d
536e39
536e39
536e39
6e4c57
675861
536e39
66694f
536e51
536e39
536e51
536e39
536e51
675861
536e39
536e39
536e39
536e51
536e39
536e39
536e39
536e39
675851
675861
536e39
675861
536e39
536e39
66694f
536e39
536e39
536e39
536e39
536e39
536e51
536e39
535c39
66694f
536e39
606e39
536e39
536e39
536e39
675861
66694f
666957
66694f
675861
534d39
536e39
536e39
536e39
536e51
536e39
536e39
777243
535839
536e39
536e39
536e79
536e39
534d31
534d32
534d39
675861
536e39
536e39
536e51
536e39
536e39
536e39
675861
536e39
536e39
536e39
536e39
536e39
536e51
536e39
536e39
536e39
536e39
536e39
7a7635
7a7651
536e39
536e39
536e39
536e39
536e39
536e39
536e39
675861
536e39
536e39
536e39
536e39
536e39
536e39
536e39
66694f
536e39
536e39
536e39
66694f
536e39
536e51
536e39
66694f
666951
675851
675861
675868
536e39
536e39
536e39
536e39
536e39
536e39
536e39
533839
533851
536e39
536e39
675861
536e39
536e39
536e39
536e39
536e51
675861
66694f
536e39
66694f
66694f
536e39
536e39
536e39
536e39
536e39
536e39
536e39
536e39
536e39
536e51
536e39
536e39
536e51
536e39
536e51
536e39
536e39
536e39
536e51
536e39
536e39
536e39
536e39
536e39
536e39
675861
6e4c57
536e39
536e39
536e39
536e49
767063
536e39
536e39
536e39
767063
66694f
536e39
536e39
536e3f
536e39
536e51
535b39
535b47
535b51
535b6d
536e39
536e39
536e31
536e39
536e39
536e39
536e39
536e39
536e39
536e51
536e39
536e39
536e39
536e39
536e39
675861
536e39
536e39
536e39
675861
536e39
536e39
675861
536e39
536e39
536e39
536e39
536e39
536e51
536e39
66694f
536139
536151
5d5a5c
536e39
536e39
536e51
536e39
536e39
536e39
536e39
536e39
536e39
536e39
536e39
536e51
536e39
66694f
536e39
53566b
675851
536e39
536e39
536e39
536e39
536e3e
536e39
536e61
536e39
536e39
536e39
536e51
536e39
536e39
536e51
536e39
536e39
536e39
536e39
536e39
536e39
536e39
536e51
536e39
767063
536e39
536e39
536e39
536e51
536e39
536e39
536e39
536e39
536e39
536e51
675861
536e39
536e51
536e39
536e39
536e39
536e39
536e39
536e39
536e39
536e51
536e39
536e39
536e51
536e39
536e74
675861
767063
536e39
536e39
536e51
675861
534d39
534d43
536e39
536e51
536e39
536e51
536e39
536e39
536e39
536e51
536e39
536e39
675861
534d39
536e39
536e39
536e39
536e39
536e39
536e39
536e39
536e51
536e39
536e39
536e47
536e39
536e39
536e39
675861
534d39
536e39
536e51
536e39
536e39
536e39
536e39
534d39
66694f
675861
536e39
536e39
536e39
536e39
536e39
536e39
536e51
536e39
535639
66694f
536e39
536e39
536e39
536e39
70554c
536e39
536e51
536e39
536e39
536e39
536e51
534d39
536e39
536e39
536e39
536e39
536e39
536e39
536e51
536e72
536e39
536e39
66694f
675861
536e39
66694f
536e39
536e51
536e39
533639
533662
536e39
536e39
536e39
536e39
536e39
675861
536e39
536e39
536e39
536e51
536e39
66694f
666951
536e39
536e39
675861
675861
536e39
536e39
536e39
66694f
536e39
675861
536e39
536e39
536e39
536e39
536e39
536e39
536e39
536e39
536e39
536e39
536e51
536e39
536e39
675861
536e39
536e39
66694f
536e39
536e39
536e39
536e39
536e39
536e51
536e39
536e39
66694f
675861
537939
536e39
536e39
536e51
767063
675861
536e39
536e39
536e39
536e39
536e39
536e51
536e39
536e39
536e51
536e39
675861
666939
66694f
675861
536e39
536e39
536e39
536e39
536e39
536e39
536e39
536e39
536e41
536e39
536e5c
734d5c
536e39
536e51
536e39
536e39
536e39
536e39
536e39
536e39
536e51
536e39
675858
675861
536e39
536e51
675861
536e39
536e39
536e39
536e39
536e39
535339
536e39
536e39
536e39
536e67
536e39
675861
675878
536e39
536e39
536e39
536e39
536e39
536e51
536e39
536e39
675861
536e39
536e39
536e39
66694f
536e39
536e39
66694f
536e39
66694f
536e39
675861
536e39
536e39
66694f
536e39
66694f
536e39
536e39
675861
536e39
536e39
536e39
674d51
674d61
536e39
536e39
534d39
536e39
536e39
536e51
536e39
536e39
536e39
564230
564251
536e39
536e51
536e39
675861
675861
536e39
536e51
536e39
536e39
666951
536e39
536e39
536e39
536e51
66694f
666951
675861
675861
536e39
536e39
536e39
536e39
536e39
66694f
536e39
536e39
536e39
536e39
536e51
536e39
56564e
536e39
536e39
536e39
536e39
536e39
536e39
536e39
536e39
536e39
536e41
536e39
675861
536e39
66694f
536e39
536e39
536e39
767063
536e39
536e39
675861
536e35
675861
536e39
536e39
536e39
536e51
536e39
535539
53556e
536e39
536e39
536e39
536e39
536e39
536e39
66694f
536e31
536e39
536339
536e39
536e39
536e39
536e39
675839
675861
536e39
536e39
537839
537851
536e39
536e39
536e39
66694f
666951
66694f
536e39
536e39
536e39
536e39
536e39
536e39
675861
536e39
536e39
536e51
66694f
675861
536e39
536e39
536e39
536e39
536e39
536e39
536e39
536e39
675861
536e39
767063
536e39
536e39
536e39
675861
536e39
536e39
536e39
66694f
666939
66694f
536e39
536e39
536e39
536e39
536e39
536e51
66694f
536e39
394d68
536e39
536e51
536e39
675861
66694f
536e39
536e39
536e39
536e39
536e39
536e39
536e39
536e51
536e39
536e39
536e39
536e39
536e39
536e39
536e39
536e39
536e39
536e39
536e51
536e39
536e39
534d39
536e39
536e39
536e39
536e39
536e39
536e39
536e75
536239
536e39
536e39
536e39
536e39
536e39
534d39
536e39
536e39
536e39
536e39
536e39
536e39
536e39
536e39
536e51
536e39
674d61
675451
675461
536e39
536e51
536e39
536e39
536e51
536e39
536e39
536e39
536e39
536e39
536e51
536e39
536e51
536e39
536e39
536e39
536e51
66694f
675861
536e39
536e39
536e39
536e51
536e39
536e39
536e39
536e51
536e39
675861
536e39
536e51
66694f
666951
536e39
536e39
536e39
536e39
536e39
536e39
536e39
666935
66694f
536e39
675861
536e39
536e39
536e39
536e39
536e39
536e39
536e39
536e39
536e51
536e39
536e39
536e39
536e39
536e39
536e39
536e39
675861
536e39
536e39
536e39
536e39
675861
536e39
536e39
536e39
536e39
536e39
675861
536e39
536e39
536e39
536e39
536e51
536e39
536e39
536e39
536e51
536e39
536e39
66694f
536e39
536e39
536e51
6c6951
536e39
66694f
536e39
536e39
66694f
536e39
536e39
536e51
536e39
536e39
536e39
536e39
536e39
536e49
536e39
66694f
536e39
536e39
534d39
536e39
536e51
536e39
536e39
536e39
536e39
536e39
536e39
536e39
536e39
536e51
666541
66654f
536e39
536e39
534539
534551
536e32
536e39
536e51
536e39
536e39
536e3c
536e39
534d39
536e39
536e39
536e39
536e39
536e51
66694f
536e39
536e39
536e51
536e39
536e51
536e39
675861
536e39
675861
536e39
536e39
536e51
536e39
536e39
534039
536e39
536e51
675861
536e39
536e39
536e39
536e39
536e39
536e39
536e39
675851
675861
536e39
536e39
536e39
536e51
675861
536e39
674d51
674d61
534d39
536e39
536e39
536e39
66694f
666951
536e39
536e51
536e39
536e51
6c6951
536e39
536e39
536e39
534d39
536e39
536e39
536e39
536e39
534d39
536e39
536e51
536e39
66694f
666951
675861
536e39
536e39
536e39
536e39
533939
536e39
56564e
536e39
536e39
536e39
536e51
536e39
536e39
536e51
536e39
536e39
536e39
533f39
533f51
536e39
66694f
666951
536e39
534d39
536e39
536e39
675861
66694f
66694f
536e39
536e39
536e39
66694f
536e39
536e39
66694f
536e39
536e39
675861
675861
536e39
536e39
536e39
536e39
536e39
536e39
536e39
675861
536e39
536e39
675861
534d39
534d51
536e39
536e39
536e51
536e39
536e51
536e39
675861
536e39
536e51
536e39
536e39
536e39
536739
536e39
536e39
675861
66694f
66694f
536e39
536e39
536e39
536e39
66694f
664d4f
536e39
536e39
767063
536e39
536e39
536e51
536e39
536e39
536e51
536e39
536e39
536e39
536e51
536e39
536e39
536e39
675861
536e39
536e51
536e39
66694f
536e39
536e39
536e39
536e51
536e39
675861
536e39
675861
675861
536e39
534d39
534d51
536e39
536e39
536e39
536e39
536e51
536e39
536e51
6e4c57
767063
536e39
536e39
536e39
536e39
675861
536e39
536e39
536e39
536e51
536e39
536e39
536e39
536e39
536e39
536e51
536e39
536e39
675861
66694f
66694f
536e39
536e51
536e39
536e39
536e39
536e39
536e39
6e4c57
536e39
536e39
536e39
66694f
536e39
536e39
536e39
536e39
536e39
536e39
536e39
675851
675861
536e39
536e39
66694f
666951
534d39
533d39
533d69
536e39
536e39
536e39
536e39
536e39
536e51
536e39
536e39
536e39
536e39
536e51
536e39
536e39
536e39
536e39
536e39
536e39
66694f
666951
66694f
536e39
536e39
536e39
536e39
536e39
536e39
66694f
536e39
536e39
534d39
534d51
536e39
536e39
536e39
536239
536e39
536e39
536e39
675861
536e39
536e39
536e39
536e39
536e39
536e39
767063
536e39
536e51
536e39
536e39
536e39
536e39
66694f
536e39
536e39
536e39
536e39
536e39
536e39
536e39
536e39
66694f
536e39
536e39
536e39
536e39
536e39
536e39
536e39
536e39
675861
536e39
536e39
675839
675851
675861
536e39
536e39
536e39
536e51
536e39
536e51
536e39
536e39
536e51
536e39
536e39
4c4c5c
66694f
536e39
536e39
536e39
536e39
675861
536e39
536e39
536e39
536e51
536e39
767063
66694f
536e39
66694f
666951
536e39
767063
536e39
536e39
536e39
534d39
675861
66694f
536e39
536e39
536e39
536e39
66694f
666951
536e39
536e51
536e39
536539
536e39
675861
536e39
536e39
66694f
66694f
536e39
536e39
536e39
536e39
536e39
536e51
536e39
675861
536e39
536e39
536e39
536e39
536e39
536e39
536e51
536e39
675861
536e39
534d39
66694f
666951
536e39
675861
536e39
66694f
66694f
536e39
536e39
536e39
675861
536e39
536e39
66694f
536e39
536e39
536e39
536e39
536e39
536e51
536e39
534d39
49755d
536e39
536e39
66694f
536e39
536e39
536e39
536e39
536e51
536e39
536e39
767063
536e39
756237
756275
66694f
675861
536e39
534d39
536e39
536e39
536e39
536e39
536e39
675861
675861
536e39
536e39
536e39
536e39
536e39
536e64
536e39
675861
536e39
66694f
536e39
56564e
536e39
536e39
536e51
675861
536e39
536e39
536e39
536e39
66694f
536e39
536e39
536e39
536e39
536e39
536e39
536e39
536e39
536e39
536e39
536e39
536e51
536e39
534d39
536e39
536e39
536e39
536339
536351
536e39
536e39
536e39
536e39
675861
536e39
536e39
536e39
536e51
536e39
536e39
536e39
536e39
536e39
536e39
66694f
675861
536e39
536e39
536e39
536e51
536e39
536e51
536e39
536e39
675861
536e39
536e39
66694f
66694f
666951
536e39
536e39
536e39
536e39
536e39
536e39
66694f
536e39
536e39
536e39
536e51
536e39
536e39
536e51
536e39
66694f
536e39
536e39
536e39
536e39
536e39
536e39
675861
536e39
536e39
536e39
534d39
534d51
536e39
536539
534d39
536e39
536e51
536e39
536e51
536e39
536e48
536e39
66694f
536e39
536e51
536e39
536e51
536e39
536e39
536e39
536e39
536e39
536e39
536e39
536e39
536e39
536e39
536e51
536e39
536e39
536e51
536e39
536e39
536e51
66694f
536e39
536e39
536e39
675861
536e39
536e39
675861
675861
675861
536e39
536e51
66694f
536e39
675861
767063
675861
536e39
536e39
536e39
675861
536e39
675861
536e39
536e39
536e39
536e5d
536e39
536e39
767063
536e39
536e39
66694f
534d39
536e39
536e39
61586e
536e39
66694f
536e39
66694f
536e39
536e51
534d39
536e39
536e39
536e39
536e39
536e39
536e39
675861
536e30
536e39
675861
536e39
383b30
383b5c
536e39
536e39
536e39
536e39
536e51
536e39
536e39
536e51
536e39
536e39
536e39
536139
536140
536e39
536e39
536e39
536e39
536e39
675861
675869
536e51
675861
536e39
536e39
536e39
536e39
536e39
6c6951
536e39
536e39
664d4f
664d51
767063
536e39
536e39
536e39
536e39
536e39
536e39
536e39
536e39
536e39
536e39
536e39
534d39
675861
536e39
675861
536e39
536e39
536e39
536e39
767063
536e39
536e51
66694f
66694f
536e39
536e39
675861
536e39
767038
767051
767063
536e39
536e39
536e39
675851
675861
536e39
536e71
536e39
66694f
536e39
536e39
536e39
675861
536e39
536e39
536e39
66694f
536e39
536e39
536e39
536e39
66694f
536e39
536e39
536e39
536e39
536e39
536e44
536e39
536e39
534d39
534d51
66694f
666951
675861
534d39
536e39
536e51
767047
767063
536e39
536e39
536e39
536e39
675861
536e39
536e39
536e39
536e39
536e51
536e39
536e39
536e39
536e39
66694f
536e39
536e39
536e39
536e39
536e39
675861
536e39
536e39
536e39
66694f
536e39
675861
536e39
536e39
536e39
533539
536e39
536e39
536e39
536e39
536e39
536e39
536e39
536e39
536e39
536e51
536e5c
536e39
675844
675851
675861
536e39
536e39
536e39
534d39
536e39
536e39
674d61
66694f
675861
536e39
536e39
536e39
536e39
536e51
536e39
536e39
536e51
536e39
675861
536e39
536e39
536e39
536e39
554d51
534d39
536e39
536e39
536e39
536e45
534d39
534d39
536e39
536e39
536e39
536e39
536e39
536e50
536e39
675861
536e39
536e51
536e39
536e39
536e39
536e39
536e39
536e39
536e39
536e39
536e39
536e51
533139
536e39
536e43
536e39
536e39
664d4f
664d51
536e39
536e39
536e39
66694f
536139
53613a
536e39
536e51
536e39
66694f
767063
536e39
536e39
536e39
66694f
536e39
534d39
536e39
536e39
536e39
536e39
66694f
536e39
536e39
536e39
536e51
536e39
536e39
536e39
536e39
536e39
536e39
536e39
536e39
536e39
536e39
536e52
536e39
536e39
536e39
536e39
66694f
536e39
536e39
536e51
675861
536e39
536e39
66694f
536e39
666948
66694f
66694f
536e39
536e39
675861
675861
675862
536e39
536e39
536e39
536e39
536e39
536e43
536e39
536e51
536e39
66694f
536e39
536e39
536e39
536e51
536e39
536e39
536e39
536e51
6e4c57
536e39
536e39
675861
536e39
535239
536e39
536e39
536e51
536e39
536e39
675861
675879
536e39
536e39
536e39
536e39
536e39
536e39
5b6c51
536e39
536e39
675861
536e39
536e51
536e39
534d39
675861
675861
536e39
536e39
536e39
536e39
536e39
536e39
534d39
536e39
536e39
536e51
536e39
66694f
675861
536e39
536e39
536e51
536e39
536e51
536e39
536e39
675861
536e39
536e39
536e39
536e39
536e39
66694f
536e39
536e39
675851
675861
536e39
536e39
536e39
536e39
536e51
66694f
666951
536e39
536e39
536e51
536e39
536e39
536e51
675861
536e39
536e39
536e39
536e39
536e39
536e39
536e51
536e39
536e39
675861
536e39
536e39
536e3c
536e39
536e61
536e39
536e39
534d39
66694f
536e39
536e51
536e39
536e39
536e39
675861
536e39
536e39
536e39
6e4c57
536e39
536e39
536e39
536e39
66694f
534d39
534d4e
534d51
536e39
536e39
536e39
675861
536e39
536e39
536e39
536e39
536e39
536e39
536e42
536e39
536e39
536e39
536e39
536e39
536e51
536e39
536e39
536e39
536e39
536e39
536e39
66694f
536e39
536e39
536e51
66694f
666951
536e39
536e39
536e39
536e39
536e39
536e39
536e39
536e39
675851
675861
5a5651
536e39
536e39
536e51
536e39
536e39
536e39
536e39
767063
767063
536e39
536e39
536e39
536e51
536e39
536e39
536e39
536e39
536e51
536e39
536e39
536e39
66694f
536e39
536e39
536e39
536e39
536e51
536e39
536e39
536e51
534d39
536e39
536e39
536e51
536e39
536e39
534d39
536e39
536e39
767063
536e39
534d39
536e39
536e39
536e39
536e39
56564e
565651
536e39
536e39
536e39
536e39
675861
536e39
536e51
536e39
536e39
675861
536e39
536e39
536e39
536e39
536e39
66694f
536e39
536e51
535339
53534c
66694f
666951
664d51
536e39
66694f
666951
536e39
675861
536e39
536e39
536e77
675861
536e39
536e39
675861
674d61
674d64
536e39
536e39
536e39
536e39
536e39
536e51
536e39
536e51
536e39
66694f
536e39
536e39
536e39
536e39
536e39
536e39
536e39
675861
66694f
536e36
536e39
536e51
66694f
536e39
675861
536e39
66694f
536e39
536e39
536e5f
536e39
536e39
536e39
536e39
675861
536e39
536e39
536e39
536e39
536e39
534a39
534a64
536e39
536e51
536e39
536e39
536e39
536e51
66694f
536e39
536e39
536e39
66694f
536e39
675861
675861
536e39
675861
536e39
536e51
536e56
536e39
536e3b
536e39
536e39
666931
536e39
536e39
536e51
675861
536e39
536e39
536e39
536e39
536e39
536e51
536e39
536e39
536e39
536e39
536e39
536e39
536e39
536e39
536e39
536e39
675861
536e39
536e39
66694f
536e39
536e51
536e39
767063
536e39
675851
675861
675861
675851
675861
675851
675861
536e39
536e39
536e39
536e39
536e39
534d33
534d39
66694f
536e39
66694f
666951
536e39
536e39
536e51
536e59
536e39
536e39
536e39
66694f
66696d
675861
536e39
675861
66694f
675851
675861
495937
495942
536e39
536e39
536e39
536e39
536e39
536e39
536e39
536e39
536e39
536e39
536e39
536e39
536e51
536e39
536e39
536e39
536e39
536e49
536e39
536e39
536e39
536e39
536e39
536e39
536e39
536e39
536e39
536e39
536e39
536e39
536e39
536e39
536e64
536e39
536e39
536e39
534d39
536e39
536e39
536e39
536e39
536e39
536e39
533939
675861
536e39
536e39
536e39
536e51
536e39
536e39
536e39
536e39
536e39
536e39
536e39
536e39
536e39
536e39
536e39
66694f
536e39
536e39
536e39
66694f
536e39
536e39
536e39
536e39
536e39
536e61
536e39
66694f
675861
536e39
536e39
536e39
536e39
536e39
536639
536e39
536e39
536e39
536e39
536e39
536e76
66694f
536e39
536e39
536e39
536e39
536e39
536e39
536e39
536e39
536e51
675861
534d39
536e39
675861
536e39
536e39
536e6e
536e39
536e39
536e39
536e39
536e39
675861
535439
535444
536e39
675861
536e39
536e39
675861
536e39
536e39
536e39
536e51
536e39
536e39
536e39
536e39
536e39
536e39
675861
66694f
536e39
536e39
536e39
536e39
536e39
675861
536e39
536e39
674d61
536e39
536e39
66694f
675851
675861
536e39
536e39
536e51
534d39
536e39
536e51
536e39
536e51
675851
675861
536e39
536e39
536e39
533934
533939
535039
535040
536e39
536e51
536e39
536e39
536e51
536e39
536e39
536e39
536e39
534d39
534d51
536e39
536e39
536e39
536e39
536e39
536e51
536e39
66694f
536e39
536e39
536e39
536e39
66694f
666961
536e39
536e39
536e39
536e39
536e39
664d4f
536e39
675861
536e39
536e39
536e39
536e51
536e39
536e61
536e39
536e39
536e51
675861
536e31
536e39
536e51
536e39
536e39
536e39
536e39
536e39
536e39
66364f
536e39
536e39
536e39
536e51
536e39
675861
675870
536e39
536e39
675861
534d39
536e39
536e39
536e39
536e51
675861
536e39
536e39
536e39
536e39
534d39
536e39
536e39
536e39
536e39
536e51
536e39
536e39
66694f
536e39
536e39
536e39
536e39
536e39
536e39
536e39
536e39
665e4f
665e71
675861
536e39
536e51
536e39
536e39
66694f
666951
536e39
536e39
536e39
536e39
536e39
536e39
66694f
673c61
675861
534d39
536e39
536e39
66694f
536e39
536e39
536e39
536e39
767063
536e39
536e39
536e39
536e39
536e39
536e39
536e39
536e51
66694f
536e39
536e39
536e39
536e39
675861
675861
536939
53694f
536e39
536e39
536e39
536e39
536e39
536e39
536e39
536e39
536e51
536e39
536e39
536e39
767063
536e39
536e39
536e39
536e39
536e39
536e39
536e39
536e51
675861
536e39
536e39
536e39
675861
536e39
536e39
536e39
536e39
675861
536e39
536e39
536e39
675861
536e39
675861
536e39
536e39
536e39
536e39
536e53
536e39
666939
66694f
536e39
536e51
536e39
675861
675861
536e39
675851
675861
536e39
536e39
536e39
536e39
536e39
536e39
675861
536e39
535b39
536e39
536e39
675861
533139
534d39
675861
536e39
536e39
536e51
534d39
536e39
767063
536e39
536e39
675857
675861
66694f
666971
536e39
536e39
534d39
534d3e
534d51
536e39
536e39
536e39
534c39
536e39
536e39
536e39
66694f
666961
536e39
536e39
536e51
536e56
536e39
